0.0453369617462,-0.00959264932394
0.109600067139,-0.0105252680082
0.141185045242,-0.0122572741361
0.205523014069,-0.00359724349648
0.269778966904,0.0119908116549
0.333857059479,0.0225160796631
0.365933179855,0.0247810107535
0.429919958115,0.0373047473709
0.494090080261,0.0459647780105
0.5583319664,0.0794058194037
0.565596103668,0.0908637060962
0.597254991531,0.0924624809835
0.661065101624,0.129500765873
0.724939107895,0.168404288131
0.788664102554,0.245944870167
0.796297073364,0.261000000355
0.827978134155,0.315091884043
0.859658002853,0.338540582391
0.923794984818,0.394764165928
0.988059997559,0.461513017474
1.05227804184,0.522532925673
1.05581402779,0.55237672357
1.08777308464,0.576091884399
1.15172100067,0.61992496256
1.21569514275,0.663225115758
1.27972507477,0.694134763579
1.31150603294,0.727176111251
1.37550997734,0.767278714674
1.407351017,0.795656968924
1.47136616707,0.840289434529
1.50317215919,0.865070445282
1.53501105309,0.890517612239
1.59889006615,0.925823891001
1.66253304482,0.94740735198
1.72624111176,0.972454825214
1.78992414474,0.987376724163
1.82150006294,1.0009663107
1.85333514214,0.993905054952
1.88509511948,0.986044411756
1.94899106026,0.981647780816
1.95681214333,0.995237367359
2.02093815804,0.985911180516
2.05281114578,0.994837673637
2.11676502228,0.96925727544
2.18077802658,0.993905054952
2.18089699745,1.00056661698
2.24476408958,1.02108422804
2.27657413483,1.02001837811
2.30833601952,1.02734609635
2.37239813805,1.01335681608
2.38805007935,1.0209509968
2.4199051857,1.01908575943
2.48391199112,1.02081776556
2.54790401459,1.0081607977
2.611536026,1.01535528469
2.61890602112,1.01189127243
2.65050315857,1.01788667826
2.71421313286,1.02801225255
2.77790117264,1.03973660172
2.84175205231,1.04773047616
2.87364315987,1.04813016988
2.93761897087,1.05385911323
2.95327401161,1.03920367676
2.98508810997,1.02694640262
3.04899096489,1.01535528469
3.11286115646,0.987110261681
3.17691898346,0.96499387574
3.24087500572,0.94754058322
3.27270317078,0.947007658258
3.304500103,0.942611027318
3.3364200592,0.935016846603
3.33757710457,0.935016846603
3.40159010887,0.942611027318
3.43336105347,0.94101225243
3.46514797211,0.947007658258
3.4970061779,0.930886678144
3.56092214584,0.932618684272
3.62482619286,0.908903523443
3.62494707108,0.905439511187
3.68886804581,0.89731240551
3.72058916092,0.893715162014
3.7363011837,0.893715162014
3.74383306503,0.893715162014
3.77563214302,0.893715162014
3.77575302124,0.893715162014
3.80749702454,0.893715162014
3.80761313438,0.893715162014
3.82324504852,0.893715162014
3.83090019226,0.893715162014
3.86272096634,0.893715162014
3.86284399033,0.893715162014
3.89451813698,0.893715162014
3.89465808868,0.893715162014
3.92645311356,0.893715162014
3.92657613754,0.893715162014
3.99047803879,0.995770292321
4.05448317528,1.01762021578
4.11844205856,1.02241654044
4.12595796585,1.02028484059
4.15779805183,1.01788667826
4.2218670845,0.978716693523
4.2537651062,0.964860644499
4.28566813469,0.956866770063
4.31758713722,0.949938745551
4.38159298897,0.929154672016
4.39734196663,0.92782235961
4.46125817299,0.914366004308
4.52521395683,0.916098010436
4.58906197548,0.908637060962
4.59637498856,0.916497704158
4.65998411179,0.902375192653
4.69153213501,0.910102604609
4.72311210632,0.91250076694
4.78681612015,0.913300154383
4.85050201416,0.91250076694
4.88224005699,0.906505361112
4.94620919228,0.892516080848
4.97793698311,0.893581930773
5.00976705551,0.90610566739
5.07375311852,0.911568148255
5.10559010506,0.926623278444
5.16951608658,0.926623278444
5.23354005814,0.923159266188
5.2975051403,0.929820828219
5.36149406433,0.933817765437
5.39336204529,0.933151609234
5.4573700428,0.940346096227
5.47307801247,0.951404289198
5.53690099716,0.955800920138
5.53702116013,0.955800920138
5.56859302521,0.951004595476
5.60017204285,0.940612558708
5.66387701035,0.941411946152
5.69546818733,0.933817765437
5.75917315483,0.938480858859
5.77465510368,0.933817765437
5.80624699593,0.935816234046
5.87019610405,0.922892803707
5.93422198296,0.934084227918
5.99829316139,0.931952528069
6.03006601334,0.945009189649
6.09410214424,0.951004595476
6.12596011162,0.957932619988
6.18990516663,0.971255744049
6.25395512581,0.983246555704
6.28579711914,1.01628790338
6.34981608391,1.03986983296
6.4138071537,1.0783736615
6.42949008942,1.09982389124
6.46140217781,1.12620367688
6.49327206612,1.13513017
6.52519607544,1.16257580557
6.55686402321,1.1754992359
6.62064909935,1.1974823906
6.63614916801,1.19521745951
6.69986104965,1.19361868463
6.73145914078,1.17696477955
6.79517507553,1.15498162485
6.85926103592,1.12180704594
6.89129304886,1.11421286522
6.9230799675,1.10741807195
6.98698401451,1.12846860797
7.05102014542,1.1082174594
7.11498403549,1.1216738147
7.14683103561,1.11781010872
7.21081399918,1.12980092037
7.22654414177,1.11887595864
7.2905600071,1.11847626492
7.32237696648,1.09809188511
7.38637804985,1.09622664774
7.45026397705,1.08556814849
7.48233008385,1.05825574417
7.54630112648,1.01482235973
7.57806110382,1.01255742864
7.60981297493,0.9868437992
7.67389011383,0.979382849726
7.68957209587,0.965393569462
7.72139906883,0.959931088597
7.75319814682,0.942477796077
7.81721305847,0.920494641376
7.88123703003,0.930486984422
7.94523310661,0.944742727167
7.97718214989,0.941545177393
8.00901412964,0.954335376491
