0.0451941490173,0.0117243491737
0.109356164932,0.0122572741361
0.141342163086,0.0127901990986
0.205379009247,-0.000399693721831
0.26961517334,-0.00186523736854
0.334021091461,-0.00772741195539
0.36577296257,-0.0167871363169
0.430072069168,-0.0285114854906
0.494266033173,-0.0301102603779
0.558237075806,-0.0425007657547
0.565678119659,-0.0383705972958
0.597335100174,-0.0754088821854
0.660973072052,-0.0839356815845
0.724850177765,-0.0923292497429
0.788753032684,-0.209839203961
0.796211957932,-0.271392037123
0.827892065048,-0.271392037123
0.859573125839,-0.280052067763
0.92395401001,-0.350531394046
0.988216161728,-0.446990812247
1.05243110657,-0.505212864394
1.05990695953,-0.513739663793
1.09160399437,-0.550644717442
1.15561103821,-0.567831547481
1.219643116,-0.631382849252
1.28362417221,-0.65722970993
1.31540799141,-0.704127106625
1.37937498093,-0.733171517078
1.39502716064,-0.751290965801
1.45907616615,-0.798721287458
1.52316498756,-0.835493109867
1.53883099556,-0.854012252312
1.60255599022,-0.907304748556
1.66623616219,-0.929287903257
1.72990608215,-0.953935682769
1.76155996323,-0.975519143748
1.82526302338,-0.974453293823
1.85716915131,-0.964061257056
1.88906407356,-0.953935682769
1.95304608345,-0.942877489799
1.96050906181,-0.926356815963
2.02451610565,-0.938347627618
2.04026508331,-0.951670751679
2.10422205925,-0.95620061386
2.1682779789,-0.954601838972
2.18400502205,-0.967392038071
2.24807095528,-0.986044411756
2.27997899055,-0.982980093222
2.31181097031,-1.003897398
2.37585616112,-1.00363093552
2.38336706161,-1.00349770428
2.44757699966,-0.994571211156
2.47942209244,-0.990840736418
2.5434820652,-0.993505361231
2.60723400116,-0.992173048825
2.62268614769,-0.999367535818
2.65429997444,-1.01029249755
2.71800899506,-1.00776110398
2.78170013428,-1.01895252819
2.81351208687,-1.02641347766
2.87744808197,-1.03467381458
2.94144797325,-1.03320827093
2.95713400841,-1.01522205345
2.98900103569,-1.00935987886
3.0530591011,-0.990707505178
3.11700797081,-0.975519143748
3.18105816841,-0.95620061386
3.21281409264,-0.93888055258
3.27676415443,-0.920094947654
3.3086810112,-0.920228178895
3.34056806564,-0.918362941526
3.34073114395,-0.918362941526
3.40452504158,-0.911301685774
3.43635797501,-0.909036754684
3.4681391716,-0.916764166639
3.5000140667,-0.905306279947
3.56402611732,-0.897578867991
3.59573698044,-0.890117918517
3.62768816948,-0.899177642879
3.69160699844,-0.87319755096
3.7234120369,-0.871598776072
3.73906517029,-0.875329250809
3.74664306641,-0.875329250809
3.77846908569,-0.877460950659
3.77858710289,-0.877460950659
3.79412317276,-0.877460950659
3.80169916153,-0.884522206411
3.83357810974,-0.884522206411
3.8337020874,-0.904906586225
3.84928703308,-0.904906586225
3.86498904228,-0.907038286075
3.89677000046,-0.934883615362
3.8968911171,-0.934883615362
3.92857718468,-0.945675345852
3.92869400978,-0.945675345852
3.99255108833,-0.928222053332
4.05662608147,-0.977517612357
4.12058496475,-0.991906586343
4.12391614914,-0.98244716826
4.15574598312,-0.979915774688
4.21974015236,-0.976584993673
4.25160717964,-0.963528332093
4.28353595734,-0.937548240174
4.31538701057,-0.929287903257
4.37936711311,-0.92355895991
4.39508509636,-0.916364472917
4.45908808708,-0.897978561713
4.5231180191,-0.887320062464
4.58703398705,-0.884522206411
4.59448814392,-0.90610566739
4.65824699402,-0.902508423894
4.68984818459,-0.892116387126
4.72140717506,-0.894248086976
4.78509712219,-0.888252681149
4.84878516197,-0.883856050208
4.88050198555,-0.879192956787
4.9445130825,-0.882257275321
4.97637414932,-0.875062788328
5.00812101364,-0.885454825096
5.07210898399,-0.89291577457
5.10398817062,-0.898245024194
5.16786718369,-0.901975498931
5.23182010651,-0.8995773366
5.29577112198,-0.899044411638
5.35969400406,-0.889451762314
5.39146208763,-0.909969373368
5.45540904999,-0.898111792954
5.48741412163,-0.902508423894
5.51915407181,-0.920094947654
5.53481411934,-0.906771823593
5.56637406349,-0.898911180397
5.59788107872,-0.899977030322
5.66156196594,-0.90610566739
5.69316005707,-0.888918837352
5.75686717033,-0.900243492803
5.7723710537,-0.919428791451
5.80398201942,-0.887186831224
5.86788797379,-0.900376724044
5.93198299408,-0.913833079346
5.99603796005,-0.899310874119
6.05997800827,-0.905839204909
6.09185409546,-0.903441042578
6.12369418144,-0.929820828219
6.18774199486,-0.94540888337
6.25173306465,-0.957932619988
6.28365206718,-0.98471209935
6.34763598442,-1.00642879157
6.41166710854,-1.02974425868
6.42736101151,-1.03640582071
6.45919799805,-1.08277029244
6.49116015434,-1.10555283458
6.52296900749,-1.10555283458
6.55480504036,-1.12820214549
6.61850905418,-1.14339050692
6.6340200901,-1.1485865253
6.69773006439,-1.15551454981
6.72933101654,-1.16230934308
6.79303503036,-1.15817917462
6.85705900192,-1.13632925116
6.88893413544,-1.10928330932
6.92084002495,-1.11687749004
6.98494005203,-1.10328790349
7.04887104034,-1.08530168601
7.11290001869,-1.10328790349
7.14466500282,-1.09276263549
7.20865106583,-1.11434609646
7.22433018684,-1.12340582083
7.28837704659,-1.09809188511
7.32017707825,-1.08290352368
7.38411712646,-1.08556814849
7.44818902016,-1.06571669364
7.51209712029,-1.04493262011
7.54395008087,-1.01069219127
7.57573008537,-0.999367535818
7.6397330761,-0.978983156004
7.65544605255,-0.969656969161
7.68733000755,-0.934084227918
7.71912503242,-0.934084227918
7.75101518631,-0.918362941526
7.81507301331,-0.918096479045
7.87911009789,-0.91476569803
7.94317007065,-0.924358347354
7.97501897812,-0.933018377994
8.00688004494,-0.923958653632
