0.0186100006104,-0.00892649312089
0.0825431346893,-0.0101255742864
0.098356962204,-0.0119908116549
0.129932165146,-0.0090597243615
0.19383597374,-0.007860643196
0.257605075836,-0.00666156203051
0.321465015411,-0.00373047473709
0.328999996185,0.00506278714319
0.361063957214,0.00439663094014
0.392790079117,0.00426339969953
0.424746990204,0.00706125575234
0.456853151321,0.00879326188028
0.489155054092,0.012656967858
0.553503990173,0.0263797856408
0.585389137268,0.0337075038744
0.649384021759,0.0389035222582
0.681053161621,0.0842021440657
0.74488902092,0.142557427453
0.808614015579,0.185857580651
0.824280977249,0.212104135052
0.856505155563,0.234220520993
0.920436143875,0.266462481221
0.984652996063,0.270059724717
1.04876208305,0.271924962086
1.05233001709,0.296039816636
1.11655807495,0.307364472088
1.18059015274,0.317090352652
1.24474310875,0.322552833517
1.30895900726,0.330147014232
1.30923295021,0.330147014232
1.3248360157,0.328814701826
1.38919115067,0.316424196449
1.42126893997,0.332678407804
1.45308113098,0.325483920811
1.51733398438,0.32974732051
1.58144116402,0.317356815134
1.61347413063,0.319888208705
1.64551615715,0.306298622163
1.65320515633,0.306298622163
1.71726512909,0.351996937692
1.78152012825,0.350931087767
1.84587907791,0.380508423183
1.85344815254,0.377044410927
1.88547110558,0.380508423183
1.94977712631,0.424208270103
2.01391816139,0.427272588637
2.07787299156,0.44312710627
2.07825803757,0.45631699909
2.10994815826,0.469640123151
2.14187097549,0.469906585632
2.17388701439,0.490690659168
2.2058391571,0.508010720447
2.23764705658,0.510009189056
2.25372505188,0.519468607139
2.28573608398,0.519468607139
2.31769514084,0.546514548983
2.34978199005,0.570096478571
2.41401815414,0.575692190677
2.44589805603,0.595410414287
2.47772407532,0.591813170791
2.50962209702,0.590747320866
2.5415520668,0.617393568988
2.60586714745,0.622456356131
2.6699590683,0.641241961057
2.67102909088,0.654032160156
2.73486995697,0.67468300245
2.76656794548,0.684941807977
2.79828500748,0.687473201549
2.86214709282,0.710255743693
2.92613601685,0.725843798845
2.95795702934,0.731173048469
2.99004793167,0.729973967304
3.05418896675,0.732105667153
3.118227005,0.745295559974
3.18196606636,0.758485452794
3.19749593735,0.764747321103
3.21313905716,0.764747321103
3.22046899796,0.764747321103
3.25219702721,0.764747321103
3.25236201286,0.764747321103
3.28490900993,0.764747321103
3.28499412537,0.764747321103
3.28714394569,0.764747321103
3.31868505478,0.764747321103
3.33420705795,0.764747321103
3.34165096283,0.764747321103
3.37338709831,0.764747321103
3.3735909462,0.764747321103
3.40548300743,0.764747321103
3.40557098389,0.764747321103
3.43698716164,0.764747321103
3.43706607819,0.764747321103
3.46971416473,0.858808576974
3.50158905983,0.858808576974
3.50170397758,0.858808576974
3.53324508667,0.858808576974
3.53331494331,0.858808576974
3.54888105392,0.858808576974
3.55621409416,0.858808576974
3.58791613579,0.858808576974
3.61958909035,0.894114855735
3.65145206451,0.906771823593
3.68341708183,0.924225116113
3.74747300148,0.941278714911
3.76339006424,0.948872895626
3.82740211487,0.949938745551
3.89180803299,0.963928025815
3.89201903343,0.963928025815
3.95609498024,0.986044411756
4.02001309395,0.996436448524
4.02746200562,0.968857581718
4.09155106544,1.02441500905
4.09188508987,1.01895252819
4.12332010269,1.01895252819
4.12340116501,1.01895252819
4.15492606163,1.03467381458
4.21869015694,1.03747167063
4.28256416321,1.03240888349
4.31422805786,1.02374885285
4.32981204987,1.02135069052
4.39354896545,1.00576263537
4.45746707916,1.03027718364
4.52137613297,1.04320061398
4.52888011932,1.05359265075
4.56057906151,1.03640582071
4.62444901466,1.02681317138
4.65619516373,1.03054364612
4.68769598007,1.0314762648
4.75141501427,0.989908117734
4.7588031292,0.994437979915
4.76618409157,0.994437979915
4.8298740387,0.967392038071
4.86175298691,0.933018377994
4.92578411102,0.898378255435
4.98984599113,0.873730475922
4.99730396271,0.855078102237
5.02917599678,0.846418071597
5.09326195717,0.83389433498
5.15723109245,0.826166923024
5.18906116486,0.809646249189
5.20491695404,0.809646249189
5.23658299446,0.821503829603
5.30042099953,0.827898929152
5.36443901062,0.839090353363
5.42842411995,0.848949465169
5.42855095863,0.848949465169
5.49238204956,0.857343033327
5.49395394325,0.844153140507
5.52574896812,0.852946402387
5.58971500397,0.856143952161
5.65370798111,0.84268759686
5.66109013557,0.845218990431
5.66862893105,0.845218990431
5.7326631546,0.840955590732
5.79670906067,0.821503829603
5.86085700989,0.82097090464
5.92496109009,0.829231241558
5.92831707001,0.830963247686
5.99237704277,0.843220521822
6.02418804169,0.83189586637
6.08827805519,0.84481929671
6.10402607918,0.852813171146
6.1359641552,0.848949465169
6.19997215271,0.861606433027
6.26396298409,0.86014088938
6.3280620575,0.859607964417
6.33149814606,0.85574425844
6.36366510391,0.847883615244
6.42774915695,0.859075039455
6.49169015884,0.849482390131
6.50778913498,0.863471670395
6.57196712494,0.817773354866
6.58819007874,0.848283308965
6.65213894844,0.874263400884
6.68371009827,0.877993875622
6.74742507935,0.871865238554
6.8111000061,0.861606433027
6.82659697533,0.857076570846
6.89030098915,0.87119908235
6.95425605774,0.869200613741
7.01829910278,0.863604901636
7.08226513863,0.867468607613
7.0823841095,0.866269526448
7.1462020874,0.847217459041
7.20990395546,0.851614089981
7.27356696129,0.841088821973
7.30509614944,0.825101073099
7.36868906021,0.838557428401
7.37195205688,0.826033691784
7.43581199646,0.829231241558
7.49983000755,0.835626341108
7.51559305191,0.831096478927
7.54739403725,0.851614089981
7.57929801941,0.863604901636
7.64341402054,0.864937214042
7.70738601685,0.877993875622
7.77134108543,0.896646249307
7.80316901207,0.907704442278
7.83505702019,0.921560491301
7.89907407761,0.911967841977
7.96309494972,0.908370598481
7.97868394852,0.922626341226
