0.0184500217438,0.0155880551514
0.0826990604401,0.0142557427453
0.0982670783997,0.0106584992488
0.130016088486,0.0131898928204
0.193751096725,0.0170535987981
0.257688999176,0.00945941808333
0.321546077728,0.0129234303392
0.32891702652,0.0145222052265
0.360914945602,0.00546248086502
0.392945051193,0.00279785605282
0.424872159958,0.00279785605282
0.457016944885,0.00279785605282
0.488997936249,0.00253139357159
0.553296089172,-0.00599540582746
0.585225105286,0.000399693721831
0.649284124374,-0.0486294028227
0.68096613884,-0.070745788764
0.744806051254,-0.0762082696291
0.808531999588,-0.108050536135
0.824435949326,-0.121906585158
0.856347084045,-0.145488514746
0.920598983765,-0.149885145687
0.984814167023,-0.197715161066
1.04893708229,-0.225693721594
1.05218410492,-0.255937213212
1.11639904976,-0.272591118289
1.18074512482,-0.276321593026
1.24489998817,-0.27938591156
1.30912303925,-0.294441041749
1.30933094025,-0.288712098402
1.32498216629,-0.294973966711
1.38903307915,-0.29484073547
1.42109107971,-0.287646248478
1.45323109627,-0.272058193326
1.51717495918,-0.278053599154
1.58160805702,-0.280851455206
1.61333703995,-0.280185299003
1.6453499794,-0.302035222463
1.65304207802,-0.302035222463
1.71743512154,-0.296173047877
1.78168296814,-0.306698315885
1.84572696686,-0.320820827389
1.85326910019,-0.314026034118
1.88531303406,-0.321753446074
1.94959497452,-0.341738132165
2.01376104355,-0.363055130663
2.07806015015,-0.382906585514
2.07816004753,-0.395830015853
2.10979008675,-0.40608882138
2.141726017,-0.411418071004
2.17373394966,-0.419678407922
2.2056851387,-0.422609495216
2.237803936,-0.444326187435
2.25356793404,-0.451120980706
2.28556394577,-0.451120980706
2.31796312332,-0.457782542737
2.34962201118,-0.466575804617
2.41386699677,-0.489891271724
2.44572997093,-0.48682695319
2.47789096832,-0.494154671423
2.50979995728,-0.520800919545
2.54170107841,-0.533724349885
2.60605406761,-0.541052068118
2.66983914375,-0.553842267217
2.67112016678,-0.570496172293
2.73478794098,-0.577690659286
2.76648402214,-0.577290965564
2.79820108414,-0.58941500846
2.86205410957,-0.601938745077
2.92602705956,-0.612464013085
2.95806503296,-0.623122512334
2.98990011215,-0.630316999327
3.05433511734,-0.642840735944
3.11811494827,-0.650967841622
3.18187093735,-0.653099541471
3.19740200043,-0.644972435794
3.21304297447,-0.672950996322
3.22055506706,-0.672950996322
3.25209712982,-0.672950996322
3.25229096413,-0.676947933541
3.28376507759,-0.676947933541
3.28386497498,-0.687872895271
3.28704714775,-0.687872895271
3.31880998611,-0.68560796418
3.33429002762,-0.68560796418
3.34173703194,-0.701728944294
3.37349700928,-0.701728944294
3.37367010117,-0.703594181663
3.40530800819,-0.716384380761
3.40567994118,-0.716384380761
3.43687009811,-0.714918837115
3.43715310097,-0.714918837115
3.50095796585,-0.733038285838
3.50112199783,-0.746094947417
3.50113105774,-0.746094947417
3.53271794319,-0.744629403771
3.53283500671,-0.744629403771
3.54829001427,-0.744629403771
3.55574297905,-0.752356815726
3.58761501312,-0.752356815726
3.619328022,-0.762349158772
3.65127515793,-0.783266463548
3.68325710297,-0.800852987308
3.74729514122,-0.800719756068
3.76322293282,-0.82749923543
3.82760310173,-0.831496172649
3.8916220665,-0.844552834228
3.89191913605,-0.850148546334
3.95565700531,-0.853346096109
4.01983809471,-0.868134763816
4.02728509903,-0.881191425396
4.09171509743,-0.876661563215
4.09179401398,-0.897045943029
4.12352705002,-0.883323125246
4.1236000061,-0.883323125246
4.15481305122,-0.890384380998
4.21860098839,-0.890251149758
4.28247404099,-0.890517612239
4.31435799599,-0.874263400884
4.32970094681,-0.873730475922
4.39619112015,-0.869866769944
4.46023607254,-0.875728944531
4.5242869854,-0.884388975171
4.527739048,-0.887852987427
4.55976009369,-0.897045943029
4.62869310379,-0.871465544832
4.66041493416,-0.869600307463
4.67589497566,-0.874663094606
4.73958110809,-0.84055589701
4.77112293243,-0.85574425844
4.77119016647,-0.854411946034
4.83485293388,-0.860940276823
4.85067200661,-0.846418071597
4.91841411591,-0.801119449789
4.98240613937,-0.774606432908
4.99803805351,-0.746494641139
5.02984809875,-0.746494641139
5.09371495247,-0.733704442041
5.15752315521,-0.721580399145
5.18923807144,-0.709856049971
5.20507597923,-0.715851455799
5.23674511909,-0.715851455799
5.30051898956,-0.722113324108
5.36861014366,-0.72917457986
5.43263506889,-0.739833079109
5.43275308609,-0.730506892266
5.4964261055,-0.730373661025
5.49648594856,-0.732505360875
5.528247118,-0.73143951095
5.59214305878,-0.73130627971
5.65619015694,-0.723978561476
5.65766310692,-0.731572742191
5.67343902588,-0.73796784174
5.74028205872,-0.731039817228
5.80427694321,-0.705326187791
5.86842012405,-0.715052068355
5.90035605431,-0.718782543092
5.93213415146,-0.727575804973
5.99605894089,-0.723445636514
6.01168203354,-0.732372129635
6.0757830143,-0.743563553846
6.10756993294,-0.743297091365
6.13934803009,-0.755554365501
6.20342206955,-0.756753446666
6.26742315292,-0.7640811649
6.33167409897,-0.754621746816
6.33176612854,-0.75102450332
6.36347603798,-0.751424197042
6.42757201195,-0.749292497192
6.49185109138,-0.758885146516
6.50762605667,-0.756220521704
6.57212305069,-0.754888209298
6.60424494743,-0.761549771328
6.63625693321,-0.761549771328
6.69991993904,-0.766612558471
6.763682127,-0.753555896892
6.79534101486,-0.752490046967
6.82689404488,-0.755554365501
6.89216208458,-0.746494641139
6.95604801178,-0.763814702419
7.02007102966,-0.761549771328
7.0558950901,-0.755954059223
7.08361005783,-0.761816233809
7.14736008644,-0.75315620317
7.21108293533,-0.74449617253
7.27484703064,-0.741565085237
7.30628705025,-0.729307811101
7.33780813217,-0.733970904522
7.401512146,-0.728908117379
7.43342900276,-0.725444105123
7.49741315842,-0.725843798845
7.51300001144,-0.742098010199
7.54486107826,-0.74662787238
7.57677507401,-0.747160797342
7.64085912704,-0.759018377757
7.70475411415,-0.7640811649
7.76881408691,-0.770076570727
7.8328230381,-0.790727413022
7.83398509026,-0.791127106744
7.89807200432,-0.793392037834
7.96205496788,-0.793658500315
7.97766304016,-0.781134763698
