0.00405383110046,-0.0301102603779,-0.00572894334624,-0.00999234304577,1.00048828125,-0.14208984375,-0.0341796875,
0.0680899620056,-0.0263797856408,-0.00399693721831,-0.00932618684272,1.00244140625,-0.14208984375,-0.029296875,
0.09983086586,-0.0257136294378,-0.00746094947417,-0.0113246554519,1.00268554688,-0.14208984375,-0.029541015625,
0.164088964462,-0.0249142419941,-0.0065283307899,-0.00879326188028,0.996826171875,-0.138427734375,-0.025390625,
0.195996999741,-0.0241148545505,-0.00812710567723,-0.0139892802641,0.99951171875,-0.137939453125,-0.02880859375,
0.22808098793,-0.0243813170317,-0.00945941808333,-0.00759418071478,0.99658203125,-0.13916015625,-0.0302734375,
0.259970903397,-0.0258468606784,-0.0110581929707,-0.00266462481221,1.009765625,-0.1318359375,-0.02880859375,
0.324054002762,-0.0291776416936,-0.0103920367676,0.00346401225587,1.0126953125,-0.134521484375,-0.017578125,
0.339848995209,-0.0419678407922,0.000532924962441,0.00759418071478,1.02075195312,-0.111328125,-0.03369140625,
0.371734857559,-0.0293108729343,-0.00266462481221,0.0122572741361,1.01123046875,-0.170654296875,-0.026123046875,
0.435703992844,-0.0295773354155,-0.00746094947417,0.0206508422946,1.00170898438,-0.14990234375,-0.0185546875,
0.499701023102,-0.0282450230094,-0.00532924962441,0.0257136294378,1.0029296875,-0.134765625,-0.020751953125,
0.563537836075,-0.0319754977465,-0.00932618684272,0.0635513017711,1.01538085938,-0.13671875,-0.03271484375,
0.595448970795,-0.0298437978967,-0.00985911180516,0.0947274120739,1.0078125,-0.153564453125,-0.030517578125,
0.659457921982,-0.0246477795129,-0.00919295560211,0.114045941962,1.0078125,-0.156982421875,-0.024169921875,
0.691260814667,-0.0311761103028,-0.00999234304577,0.135229709219,0.98583984375,-0.145263671875,-0.015625,
0.723088026047,-0.0353062787617,-0.00599540582746,0.148686064521,0.993896484375,-0.158935546875,-0.03076171875,
0.787076950073,-0.0413016845892,-0.00892649312089,0.182127105914,0.98828125,-0.1796875,-0.017578125,
0.819072008133,-0.0129234303392,-0.0122572741361,0.214901991104,1.09716796875,-0.2314453125,-0.011962890625,
0.883158922195,-0.031442572784,0.00586217458685,0.296572741598,1.08251953125,-0.23193359375,-0.03564453125,
0.947198867798,-0.0426339969953,0.0065283307899,0.349865237843,1.0166015625,-0.200927734375,-0.0234375,
1.01136398315,-0.030776416581,-0.0182526799636,0.381840735589,0.96142578125,-0.252685546875,-0.02880859375,
1.01258802414,-0.0442327718826,-0.0125237366174,0.413150077132,0.97998046875,-0.25830078125,-0.031494140625,
1.07658481598,-0.0385038285364,-0.0170535987981,0.464044411046,0.9736328125,-0.255615234375,-0.019287109375,
1.14059185982,-0.0285114854906,-0.0202511485728,0.506278714319,0.97412109375,-0.2939453125,-0.041259765625,
1.20464301109,-0.0350398162805,-0.022915773385,0.53479019981,0.969970703125,-0.306640625,-0.0322265625,
1.26868200302,-0.0427672282359,-0.0242480857911,0.575958653158,0.950439453125,-0.358154296875,-0.033935546875,
1.30036497116,-0.0422343032735,-0.0238483920692,0.631782542974,0.943603515625,-0.381103515625,-0.030029296875,
1.332228899,-0.0377044410927,-0.0281117917688,0.632581930417,0.912841796875,-0.414306640625,-0.039794921875,
1.36410999298,-0.0455650842887,-0.0139892802641,0.661359878389,0.92529296875,-0.421630859375,-0.03125,
1.39602398872,-0.0446324656044,-0.0203843798134,0.675082696172,0.91943359375,-0.439697265625,-0.033935546875,
1.42846894264,-0.0421010720328,-0.0153215926702,0.702661562978,0.898681640625,-0.4443359375,-0.038330078125,
1.46036100388,-0.0463644717324,-0.0175865237606,0.721846861626,0.888916015625,-0.485107421875,-0.032958984375,
1.52431797981,-0.0487626340634,-0.0135895865422,0.762615621253,0.875,-0.53955078125,-0.02783203125,
1.53988599777,-0.0468973966948,-0.0134563553016,0.779535988811,0.85693359375,-0.54638671875,-0.028076171875,
1.60390996933,-0.0451653905669,-0.0111914242113,0.795790200165,0.837158203125,-0.577392578125,-0.037841796875,
1.66785502434,-0.0475635528979,-0.0119908116549,0.820704442159,0.80029296875,-0.6201171875,-0.031494140625,
1.73188090324,-0.0478300153791,-0.0139892802641,0.844153140507,0.76904296875,-0.648193359375,-0.0439453125,
1.76384496689,-0.0539586524472,-0.00999234304577,0.852679939906,0.73779296875,-0.698974609375,-0.034912109375,
1.79566597939,-0.0439663094014,-0.0153215926702,0.834693722423,0.727783203125,-0.707275390625,-0.028564453125,
1.85968399048,-0.0503614089507,-0.0154548239108,0.848150077725,0.687744140625,-0.734619140625,-0.04638671875,
1.92373394966,-0.0446324656044,-0.0139892802641,0.844286371747,0.65185546875,-0.771484375,-0.04150390625,
1.98772788048,-0.049562021507,-0.00759418071478,0.86227258923,0.620361328125,-0.803466796875,-0.055419921875,
2.0195248127,-0.0478300153791,-0.0113246554519,0.861606433027,0.575439453125,-0.833740234375,-0.036376953125,
2.0835609436,-0.0423675345141,-0.0130566615798,0.870000001185,0.52783203125,-0.8681640625,-0.039306640625,
2.11539196968,-0.0401026034237,-0.0146554364671,0.884788668893,0.498779296875,-0.882080078125,-0.040771484375,
2.14716291428,-0.0452986218075,-0.00852679939906,0.886653906261,0.48046875,-0.88818359375,-0.05859375,
2.21119999886,-0.0390367534988,-0.0138560490235,0.900643186525,0.446044921875,-0.9130859375,-0.046875,
2.24306297302,-0.0458315467699,-0.0134563553016,0.911301685774,0.379638671875,-0.947998046875,-0.0537109375,
2.30706381798,-0.03930321598,-0.0139892802641,0.915032160511,0.360107421875,-0.947265625,-0.049072265625,
2.37101197243,-0.0405022971455,-0.0141225115047,0.911301685774,0.28271484375,-0.979248046875,-0.0380859375,
2.43515086174,-0.0484961715821,0.00159877488732,0.930886678144,0.261962890625,-0.976318359375,-0.053955078125,
2.44264483452,-0.0403690659049,-0.00186523736854,0.94740735198,0.2333984375,-0.985595703125,-0.0595703125,
2.50664782524,-0.0371715161303,-0.0147886677077,0.929154672016,0.1513671875,-0.99169921875,-0.056640625,
2.57055187225,-0.036238897446,-0.00999234304577,0.933684534197,0.105712890625,-1.01049804688,-0.05029296875,
2.63460302353,-0.0405022971455,-0.00692802451173,0.928754978294,0.05126953125,-1.00170898438,-0.05615234375,
2.65018200874,-0.036238897446,-0.0117243491737,0.930753446903,0.045654296875,-1.0029296875,-0.0517578125,
2.682076931,-0.0370382848897,-0.00159877488732,0.933018377994,0.015380859375,-1.00341796875,-0.052978515625,
2.71396303177,-0.0391699847394,-0.00506278714319,0.931552834347,-0.0244140625,-1.00390625,-0.063232421875,
2.77801585197,-0.0366385911678,-0.015721286392,0.926623278444,-0.083740234375,-0.996826171875,-0.050537109375,
2.84211087227,-0.0323751914683,-0.0121240428955,0.932618684272,-0.140625,-0.996337890625,-0.048583984375,
2.87399697304,-0.0383705972958,-0.0118575804143,0.928754978294,-0.193115234375,-0.984130859375,-0.062255859375,
2.90586996078,-0.0354395100023,-0.00759418071478,0.933284840475,-0.206298828125,-0.969482421875,-0.067138671875,
2.93770098686,-0.0289111792124,-0.0162542113545,0.91689739788,-0.255859375,-0.966796875,-0.05029296875,
3.0018119812,-0.0318422665059,-0.00279785605282,0.896646249307,-0.298095703125,-0.963134765625,-0.051025390625,
3.06619501114,-0.0381041348145,-0.0125237366174,0.897445636751,-0.339599609375,-0.9267578125,-0.06201171875,
3.1298148632,-0.0175865237606,0.0194517611291,0.882523737802,-0.352294921875,-0.924560546875,-0.04638671875,
3.16162800789,-0.0426339969953,-0.00413016845892,0.862006126748,-0.457275390625,-0.89501953125,-0.06005859375,
3.22587800026,-0.0251807044753,-0.0123905053768,0.84921592765,-0.4912109375,-0.886474609375,-0.046142578125,
3.24146103859,-0.0299770291373,-0.00972588056455,0.856010720921,-0.505126953125,-0.864501953125,-0.0615234375,
3.30563092232,-0.0315758040246,-0.0161209801138,0.854545177274,-0.549560546875,-0.834228515625,-0.0615234375,
3.36980295181,-0.0286447167312,-0.0123905053768,0.862805514192,-0.576171875,-0.8173828125,-0.061279296875,
3.43388795853,-0.0279785605282,-0.0138560490235,0.842287903138,-0.628173828125,-0.785400390625,-0.0517578125,
3.49805498123,-0.0286447167312,-0.0146554364671,0.851214396259,-0.651123046875,-0.743408203125,-0.05712890625,
3.53005003929,-0.0291776416936,-0.0151883614296,0.835892803589,-0.688720703125,-0.717041015625,-0.06591796875,
3.56214690208,-0.0243813170317,-0.0134563553016,0.82749923543,-0.71435546875,-0.698974609375,-0.0595703125,
3.59457302094,-0.0214502297383,-0.0106584992488,0.830430322724,-0.72998046875,-0.68603515625,-0.055908203125,
3.65864682198,-0.0167871363169,-0.0146554364671,0.823768760693,-0.800537109375,-0.6923828125,0.069580078125,
3.67431783676,-0.0273124043251,-0.0242480857911,0.805915774451,-0.765380859375,-0.645263671875,-0.056640625,
3.73843288422,-0.0285114854906,-0.0138560490235,0.797788668774,-0.80517578125,-0.58251953125,-0.060791015625,
3.80288100243,-0.0241148545505,-0.0279785605282,0.801652374752,-0.82421875,-0.576416015625,-0.04736328125,
3.81025004387,-0.0297105666561,-0.00452986218075,0.797255743812,-0.81201171875,-0.515869140625,-0.042724609375,
3.87413096428,-0.018119448723,-0.0191852986479,0.805915774451,-0.8857421875,-0.492919921875,-0.05126953125,
3.90607380867,-0.0203843798134,-0.0170535987981,0.819505360994,-0.871826171875,-0.489013671875,-0.047607421875,
3.93824386597,-0.0285114854906,-0.0142557427453,0.813776417647,-0.859130859375,-0.450439453125,-0.058837890625,
3.970058918,-0.0270459418439,-0.00173200612793,0.822436448287,-0.860107421875,-0.397216796875,-0.03955078125,
4.03402781487,-0.0270459418439,-0.0217166922195,0.844019909266,-0.927734375,-0.383056640625,-0.05224609375,
4.04976582527,-0.0274456355657,-0.0171868300387,0.837624809717,-0.903564453125,-0.3701171875,-0.052734375,
4.08125686646,-0.021183767257,-0.0251807044753,0.842954059341,-0.937744140625,-0.32373046875,-0.065185546875,
4.14485788345,-0.0163874425951,-0.00719448699295,0.854678408515,-0.907470703125,-0.297119140625,-0.04833984375,
4.20892095566,-0.0214502297383,-0.0163874425951,0.873996938403,-0.949462890625,-0.241943359375,-0.0478515625,
4.27331399918,-0.0239816233098,-0.0242480857911,0.881457887877,-0.96142578125,-0.19287109375,-0.047607421875,
4.30571889877,-0.0167871363169,-0.0139892802641,0.901842267691,-0.961181640625,-0.14453125,-0.03271484375,
4.36946201324,-0.0213169984976,-0.0215834609789,0.901975498931,-0.98095703125,-0.118408203125,-0.055419921875,
4.4013979435,-0.0199846860915,-0.0182526799636,0.914366004308,-0.964599609375,-0.078369140625,-0.049072265625,
4.46544003487,-0.0289111792124,-0.0202511485728,0.924358347354,-0.986328125,-0.0048828125,-0.03955078125,
4.48122000694,-0.0213169984976,-0.0165206738357,0.916098010436,-0.996337890625,0.02783203125,-0.045654296875,
4.54535388947,-0.0130566615798,-0.0341071975962,0.927022972166,-1.00341796875,0.057373046875,-0.055908203125,
4.54545283318,-0.0130566615798,-0.0341071975962,0.927022972166,-1.00341796875,0.057373046875,-0.055908203125,
4.56136488914,-0.0130566615798,-0.0341071975962,0.927022972166,-1.00341796875,0.057373046875,-0.055908203125,
4.56901097298,-0.0130566615798,-0.0341071975962,0.927022972166,-1.00341796875,0.057373046875,-0.055908203125,
4.60072898865,-0.0130566615798,-0.0341071975962,0.927022972166,-1.00341796875,0.057373046875,-0.055908203125,
4.63295102119,-0.0174532925199,-0.0206508422946,0.915565085474,-0.960205078125,0.158203125,-0.043212890625,
4.69710087776,-0.0266462481221,-0.0278453292875,0.902908117616,-0.963623046875,0.220458984375,-0.045654296875,
4.72913789749,-0.0293108729343,-0.0285114854906,0.887586524946,-0.953369140625,0.25,-0.0439453125,
4.74522781372,-0.0309096478216,-0.0295773354155,0.880658500434,-0.954833984375,0.280517578125,-0.0400390625,
4.80940103531,-0.0174532925199,-0.0266462481221,0.874929557088,-0.92138671875,0.3017578125,-0.051513671875,
4.84125590324,-0.0201179173321,-0.0237151608286,0.876261869494,-0.91943359375,0.315673828125,-0.0458984375,
4.90515494347,-0.0198514548509,-0.0295773354155,0.856943339605,-0.91015625,0.391845703125,-0.032958984375,
4.96935391426,-0.0278453292875,-0.0261133231596,0.855344564718,-0.87841796875,0.42529296875,-0.048095703125,
5.00154185295,-0.0185191424448,-0.0294441041749,0.843087290582,-0.857177734375,0.4638671875,-0.03857421875,
5.06559491158,-0.0277120980469,-0.0253139357159,0.833094947536,-0.8349609375,0.522216796875,-0.031494140625,
5.09764385223,-0.0309096478216,-0.0285114854906,0.838823890882,-0.82568359375,0.520751953125,-0.03759765625,
5.11352682114,-0.0326416539495,-0.0305099540997,0.826966310468,-0.815185546875,0.55859375,-0.032958984375,
5.17756700516,-0.0297105666561,-0.0370382848897,0.830430322724,-0.79736328125,0.58935546875,-0.02587890625,
5.20950889587,-0.0242480857911,-0.0245145482723,0.82296937325,-0.76513671875,0.621826171875,-0.026611328125,
5.27365398407,-0.0291776416936,-0.0282450230094,0.816307811219,-0.740966796875,0.65966796875,-0.030517578125,
5.27695202827,-0.0194517611291,-0.0293108729343,0.820038285956,-0.723876953125,0.649658203125,-0.022216796875,
5.34119486809,-0.0227825421444,-0.0269127106033,0.809246555467,-0.69580078125,0.69384765625,-0.01416015625,
5.40567994118,-0.0273124043251,-0.0281117917688,0.811245024076,-0.656494140625,0.726806640625,-0.0283203125,
5.41308784485,-0.0273124043251,-0.0281117917688,0.811245024076,-0.656494140625,0.726806640625,-0.0283203125,
5.42877793312,-0.0261133231596,-0.0350398162805,0.812710567723,-0.64306640625,0.76025390625,-0.031005859375,
5.46051192284,-0.0291776416936,-0.0302434916185,0.817773354866,-0.609375,0.769775390625,-0.029541015625,
5.52470993996,-0.0270459418439,-0.0298437978967,0.804583462045,-0.585693359375,0.787841796875,-0.03076171875,
5.58937501907,-0.0343736600774,-0.0294441041749,0.794191425278,-0.54150390625,0.8291015625,-0.029296875,
5.65316987038,-0.0282450230094,-0.029044410453,0.792992344112,-0.499267578125,0.8427734375,-0.009765625,
5.68510484695,-0.0299770291373,-0.0305099540997,0.802318530955,-0.46826171875,0.869873046875,-0.024658203125,
5.7168648243,-0.0357059724835,-0.033840735115,0.803650843361,-0.44775390625,0.8798828125,-0.028076171875,
5.74935102463,-0.0275788668063,-0.0330413476713,0.799254212421,-0.4228515625,0.89990234375,-0.01025390625,
5.81297397614,-0.0303767228591,-0.0289111792124,0.812577336482,-0.381591796875,0.906982421875,-0.024658203125,
5.82894086838,-0.031442572784,-0.0382373660551,0.803251149639,-0.367431640625,0.912841796875,-0.011474609375,
5.89306402206,-0.0301102603779,-0.0327748851901,0.807381318098,-0.333984375,0.929443359375,-0.009033203125,
5.90888285637,-0.0347733537993,-0.0274456355657,0.797122512571,-0.306640625,0.94873046875,-0.01611328125,
5.97395086288,-0.0343736600774,-0.0319754977465,0.810179174151,-0.266357421875,0.950927734375,-0.0302734375,
6.0379948616,-0.0357059724835,-0.0394364472206,0.818572742309,-0.21533203125,0.959716796875,-0.018798828125,
6.10205984116,-0.0327748851901,-0.0363721286866,0.812310874001,-0.1767578125,0.966552734375,-0.021240234375,
6.16645789146,-0.0310428790622,-0.0379709035739,0.811777949038,-0.12353515625,0.971923828125,-0.01220703125,
6.19866895676,-0.0330413476713,-0.0383705972958,0.818306279828,-0.08251953125,1.0,-0.021240234375,
6.26250386238,-0.0305099540997,-0.0366385911678,0.822702910768,-0.0205078125,0.981689453125,-0.016845703125,
6.32674598694,-0.0330413476713,-0.0397029097019,0.831362941408,0.044189453125,0.991455078125,-0.011962890625,
6.33056783676,-0.0330413476713,-0.0397029097019,0.831362941408,0.044189453125,0.991455078125,-0.011962890625,
6.33805894852,-0.0330413476713,-0.0397029097019,0.831362941408,0.044189453125,0.991455078125,-0.011962890625,
6.37041783333,-0.0330413476713,-0.0397029097019,0.831362941408,0.044189453125,0.991455078125,-0.011962890625,
6.37045502663,-0.0330413476713,-0.0397029097019,0.831362941408,0.044189453125,0.991455078125,-0.011962890625,
6.40236091614,-0.0330413476713,-0.0397029097019,0.831362941408,0.044189453125,0.991455078125,-0.011962890625,
6.40382194519,-0.0330413476713,-0.0397029097019,0.831362941408,0.044189453125,0.991455078125,-0.011962890625,
6.43619799614,-0.0323751914683,-0.033840735115,0.878526800584,0.121826171875,0.982666015625,-0.011962890625,
6.50002288818,-0.0365053599272,-0.0350398162805,0.89504747442,0.15625,0.9697265625,-0.021484375,
6.53246283531,-0.0413016845892,-0.0341071975962,0.908770292203,0.211669921875,0.979248046875,-0.028076171875,
6.54829883575,-0.0343736600774,-0.0403690659049,0.916630935399,0.21435546875,0.96142578125,-0.0009765625,
6.61267185211,-0.0375712098521,-0.0419678407922,0.926490047204,0.270751953125,0.952880859375,-0.02294921875,
6.67661690712,-0.0385038285364,-0.0333078101526,0.917963247805,0.332275390625,0.952392578125,-0.011474609375,
6.74089193344,-0.0395696784612,-0.0355727412429,0.906638592353,0.381591796875,0.92236328125,-0.012939453125,
6.77278399467,-0.0483629403415,-0.0282450230094,0.90170903645,0.423095703125,0.8974609375,-0.017333984375,
6.83703589439,-0.0467641654542,-0.0297105666561,0.889185299833,0.488037109375,0.88232421875,-0.00537109375,
6.86877989769,-0.0459647780105,-0.0532924962441,0.878660031825,0.42919921875,0.933837890625,-0.002685546875,
6.93321490288,-0.0515604901162,-0.0161209801138,0.868134763816,0.55078125,0.83203125,-0.01123046875,
6.99753689766,-0.046497702973,-0.0439663094014,0.880791731674,0.559326171875,0.8291015625,-0.012451171875,
7.02950787544,-0.047163859176,-0.0350398162805,0.880392037953,0.631103515625,0.7783203125,-0.008544921875,
7.0933380127,-0.0421010720328,-0.03930321598,0.921160797579,0.640380859375,0.763916015625,-0.016357421875,
7.15762400627,-0.0506278714319,-0.0448989280857,0.955267995176,0.68310546875,0.721435546875,-0.022216796875,
7.1648440361,-0.0414349158298,-0.0370382848897,0.967392038071,0.718505859375,0.716796875,-0.013671875,
7.19730186462,-0.0462312404918,-0.0339739663556,0.991773355103,0.7412109375,0.683349609375,-0.011474609375,
7.26186585426,-0.0456983155293,-0.0383705972958,1.03001072116,0.763427734375,0.65478515625,-0.017578125,
7.32614302635,-0.0512940276349,-0.0455650842887,1.05878866913,0.8095703125,0.589599609375,-0.01806640625,
7.39033985138,-0.0494287902664,-0.044099540642,1.08730015462,0.853759765625,0.550048828125,-0.02490234375,
7.45432496071,-0.0539586524472,-0.0337075038744,1.08796631082,0.884033203125,0.4736328125,-0.030517578125,
7.48603487015,-0.0520934150786,-0.0317090352652,1.09769219139,0.912109375,0.418212890625,-0.0126953125,
7.51806688309,-0.0570229709812,-0.0325084227089,1.09476110409,0.90966796875,0.395751953125,-0.014404296875,
7.55001401901,-0.0506278714319,-0.0349065850399,1.09502756658,0.95166015625,0.338134765625,-0.02294921875,
7.61412787437,-0.0595543645528,-0.0194517611291,1.08210413624,0.970947265625,0.31591796875,-0.022705078125,
7.61463499069,-0.0595543645528,-0.0194517611291,1.08210413624,0.970947265625,0.31591796875,-0.022705078125,
7.64623999596,-0.0616860644025,-0.0217166922195,1.06851454969,1.00146484375,0.264892578125,-0.026123046875,
7.71040582657,-0.0571562022218,-0.0193185298885,1.0606539065,0.968994140625,0.20458984375,-0.020263671875,
7.77486085892,-0.0584885146279,-0.0265130168814,1.05932159409,0.993896484375,0.13671875,-0.01904296875,
7.77490592003,-0.0560903522969,-0.0291776416936,1.0563905068,0.988525390625,0.109130859375,-0.02783203125,
7.83882403374,-0.0539586524472,-0.0261133231596,1.0400030642,1.00756835938,0.0361328125,-0.021484375,
7.87056994438,-0.0576891271842,-0.0246477795129,1.04546554507,1.01708984375,0.0302734375,-0.03173828125,
7.93460297585,-0.0600872895152,-0.0506278714319,1.02454824029,0.996826171875,-0.03857421875,-0.033203125,
7.95049595833,-0.0651500766584,-0.0319754977465,1.02361562161,1.01708984375,-0.034423828125,-0.026611328125,
7.98244285583,-0.0648836141772,-0.0342404288368,0.999500767058,1.03076171875,-0.072998046875,-0.030517578125,
