0.0368230342865,-0.00919295560211
0.0370309352875,-0.00919295560211
0.100830078125,-0.00919295560211
0.13302397728,-0.00945941808333
0.197318077087,-0.00359724349648
0.229357004166,-0.00279785605282
0.229602098465,-0.00279785605282
0.293499946594,0.01092496173
0.357779026031,0.0217166922195
0.421993970871,0.0319754977465
0.422301054001,0.0319754977465
0.485939025879,0.0426339969953
0.517785072327,0.0664823890645
0.581738948822,0.0839356815845
0.61378288269,0.116577335534
0.6141269207,0.116577335534
0.677859067917,0.172934150312
0.741671085358,0.221297090654
0.805444955826,0.263664625168
0.812834978104,0.264464012611
0.844491958618,0.308030628291
0.90827703476,0.36012404337
0.972389936447,0.422609495216
1.03665995598,0.493222052739
1.05259799957,0.546514548983
1.05383300781,0.546514548983
1.11796808243,0.604470138649
1.18194103241,0.634846861508
1.24577307701,0.69653292591
1.24608802795,0.69653292591
1.24622702599,0.69653292591
1.27732801437,0.69653292591
1.2847058773,0.69653292591
1.31637597084,0.69653292591
1.34801888466,0.782067382382
1.37997293472,0.788462481931
1.44415307045,0.79685605009
1.50846099854,0.797522206293
1.57258200645,0.792059725428
1.58837294579,0.803117918399
1.65258288383,0.803251149639
1.65265798569,0.803251149639
1.71639990807,0.80351761212
1.78016710281,0.83402756622
1.78345298767,0.846551302838
1.8473610878,0.844286371747
1.91110897064,0.852546708665
1.92713809013,0.856143952161
1.95907092094,0.885854518818
1.96689796448,0.885854518818
1.99879693985,0.880658500434
2.06288003922,0.919695253933
2.07844805717,0.927422665888
2.14259600639,0.957932619988
2.17455291748,0.976052068711
2.20674395561,0.992173048825
2.23863506317,0.989375192772
2.30293989182,1.0052297104
2.33469700813,1.01428943477
2.36659789085,1.01935222191
2.39843797684,1.03160949605
2.46266007423,1.04333384522
2.52674293518,1.05345941951
2.59092903137,1.04186830157
2.65478110313,1.02854517751
2.66216111183,1.03027718364
2.72597193718,1.01495559097
2.75783205032,1.01975191563
2.82169604301,0.996169986043
2.82896900177,1.00229862311
2.89319491386,0.973254212658
2.92469191551,0.967525269312
2.98892688751,0.946874427017
3.05313491821,0.944076570964
3.0565469265,0.943543646002
3.12071704865,0.958865238672
3.15277791023,0.950205208032
3.1531059742,0.950205208032
3.21698188782,0.940346096227
3.23276305199,0.965926494424
3.29673099518,0.966192956906
3.36087799072,0.957399695025
3.37667894363,0.950738132995
3.40875101089,0.920627872617
3.47290802002,0.898511486676
3.53706908226,0.878393569343
3.55272507668,0.865070445282
3.61667490005,0.856810108365
3.64850401878,0.841088821973
3.7126250267,0.826699847987
3.72830796242,0.822836142009
3.79247689247,0.819372129753
3.82424998283,0.807647780579
3.82441401482,0.807647780579
3.88836503029,0.812310874001
3.92027902603,0.813110261444
3.98422789574,0.817240429903
4.01611709595,0.814842267572
4.04790687561,0.828032160393
4.11222195625,0.835626341108
4.17637300491,0.857875958289
4.24066710472,0.860407351861
4.24814009666,0.874529863366
4.28016090393,0.877194488178
4.3118519783,0.88212404408
4.37612295151,0.911301685774
4.44034004211,0.901042880247
4.45625591278,0.905439511187
4.48850607872,0.927422665888
4.52028393745,0.930753446903
4.58465790749,0.941145483671
4.64880299568,0.948206739423
4.71248888969,0.929820828219
4.712692976,0.932485453031
4.74428606033,0.916497704158
4.80828809738,0.888785606111
4.87213206291,0.876928025697
4.88775706291,0.862539051711
4.9515080452,0.842554365619
4.96738100052,0.842554365619
4.97078609467,0.842554365619
5.00267410278,0.842554365619
5.00619101524,0.842554365619
5.03794193268,0.842554365619
5.07002997398,0.820038285956
5.13409304619,0.83189586637
5.14980602264,0.824568148137
5.21373701096,0.830563553964
5.27739691734,0.815108730054
5.34126710892,0.800186831105
5.35685992241,0.78819601945
5.38852000237,0.802584993436
5.42028903961,0.783000001066
5.48437809944,0.779136295089
5.54844808578,0.753689128132
5.58065009117,0.729041348619
5.58391690254,0.729041348619
5.6478509903,0.700130169407
5.67954707146,0.703594181663
5.69514894485,0.685341501699
5.75913190842,0.672950996322
5.82296395302,0.655098010081
5.82315993309,0.655098010081
5.8868689537,0.656830016209
5.9510140419,0.661759572111
6.01540994644,0.645372129516
6.04711508751,0.665090353126
6.05064988136,0.665090353126
6.11456990242,0.68334303309
6.14644908905,0.676548239819
6.17825889587,0.695200613504
6.24223804474,0.708790200047
6.25787901878,0.700663094369
6.3218998909,0.713586524709
6.38593101501,0.736369066853
6.44993805885,0.764614089862
6.46567106247,0.755154671779
6.52965092659,0.772741195539
6.59363293648,0.801119449789
6.65746808052,0.808180705542
6.66073107719,0.815508423775
6.72443795204,0.846551302838
6.73991894722,0.846551302838
6.74729704857,0.846551302838
6.77891397476,0.846551302838
6.78019595146,0.846551302838
6.81176590919,0.846551302838
6.81196188927,0.846551302838
6.875633955,0.905039817465
6.90745902061,0.916098010436
6.97149610519,0.945142420889
6.98709797859,0.976185299951
7.05098700523,0.985378255553
7.11480402946,0.998568148374
7.17877101898,1.02534762774
7.19450998306,1.03387442714
7.22637009621,1.04919601981
7.25831103325,1.05172741338
7.2741150856,1.05172741338
7.27528190613,1.05172741338
7.33920502663,1.06731546853
7.37118792534,1.08023889887
7.40312290192,1.07530934297
7.40654301643,1.07530934297
7.47042608261,1.07384379932
7.50237298012,1.06118683146
7.51813006401,1.06038744402
7.54983496666,1.05252680082
7.5818669796,1.03294180845
7.5891931057,1.03294180845
7.62112402916,1.03267534597
7.65291309357,1.01722052206
7.71699905396,1.00229862311
7.74888801575,0.995903523562
7.78078603745,0.995903523562
7.8447740078,0.994437979915
7.86048388481,1.01029249755
7.8924100399,1.0094931101
7.95627188683,1.00989280383
7.97201704979,0.998967842096
7.97539401054,0.998967842096
