0.0366640090942,0.0182526799636
0.0369310379028,0.0134563553016
0.101005077362,0.00826033691784
0.132862091064,0.0159877488732
0.197135925293,0.0090597243615
0.229177951813,0.00146554364671
0.229691982269,-0.0038637059777
0.293344020844,-0.00346401225587
0.357618093491,-0.0167871363169
0.421792030334,-0.0230490046256
0.422178983688,-0.0253139357159
0.485781908035,-0.0321087289871
0.51763010025,-0.0422343032735
0.581891059875,-0.0409019908673
0.614010095596,-0.0470306279354
0.614269971848,-0.0642174579741
0.677937984467,-0.0747427259824
0.74156999588,-0.0859341501936
0.80535697937,-0.116577335534
0.812927007675,-0.213036753736
0.84458398819,-0.293108729343
0.90838599205,-0.349598775361
0.972555875778,-0.383705972958
1.03683400154,-0.446990812247
1.05277204514,-0.514006126274
1.05389904976,-0.514006126274
1.11812901497,-0.550378254961
1.18205499649,-0.598741195302
1.24590492249,-0.644705973313
1.24599599838,-0.667488515457
1.24616289139,-0.682810108128
1.27749490738,-0.717849924408
1.2847969532,-0.717849924408
1.31645607948,-0.733704442041
1.34815406799,-0.733704442041
1.3798520565,-0.745562022455
1.44399309158,-0.757686065351
1.50829005241,-0.792859112872
1.57241892815,-0.790993875503
1.58854007721,-0.795124043962
1.6524810791,-0.80125268103
1.65278601646,-0.786863707044
1.71630692482,-0.796989281331
1.78026199341,-0.81430934261
1.78354096413,-0.804849924527
1.8472700119,-0.804183768323
1.91122889519,-0.826433385505
1.9269630909,-0.847750384003
1.9589869976,-0.849882083853
1.96674704552,-0.849882083853
1.99862599373,-0.867468607613
2.06271290779,-0.883989281449
2.07832193375,-0.922493109985
2.14276099205,-0.921960185023
2.17471909523,-0.942744258558
2.20659589767,-0.966859113109
2.23878598213,-0.975119450026
2.30279707909,-0.97805053732
2.33485507965,-0.996169986043
2.3667640686,-0.997502298449
2.39861392975,-1.01442266601
2.46284103394,-1.02334915913
2.52691292763,-1.02428177781
2.59110188484,-1.01535528469
2.65488910675,-1.00869372266
2.66225290298,-1.00536294164
2.72606110573,-0.982180705779
2.75773406029,-0.987643186644
2.82159495354,-0.972321593974
2.82906794548,-0.966992344349
2.89298892021,-0.964860644499
2.92482209206,-0.953269526566
2.98908495903,-0.935416540325
3.05329990387,-0.931419603106
3.05667996407,-0.940612558708
3.12089800835,-0.935816234046
3.15300703049,-0.936349159009
3.15323400497,-0.945675345852
3.2168109417,-0.945142420889
3.23266887665,-0.944875958408
3.29688310623,-0.93221899055
3.36103200912,-0.930620215663
3.37683200836,-0.903041348856
3.44088506699,-0.903041348856
3.47305488586,-0.882656969043
3.53721809387,-0.852546708665
3.55284404755,-0.825767229302
3.61686205864,-0.821637060843
3.64864897728,-0.824834610618
3.7128059864,-0.798721287458
3.72844004631,-0.800053599865
3.79237294197,-0.791926494187
3.82451891899,-0.798454824977
3.82459306717,-0.784332313473
3.88852190971,-0.787663094488
3.90432095528,-0.786863707044
3.96825790405,-0.782333844863
4.03232908249,-0.783266463548
4.04798293114,-0.792059725428
4.1123919487,-0.800320062346
4.17654705048,-0.811911180279
4.24050188065,-0.823901991934
4.24822807312,-0.834427259942
4.2800090313,-0.854944870996
4.31201910973,-0.857076570846
4.37629294395,-0.879459419268
4.44050598145,-0.881457887877
4.45640587807,-0.901975498931
4.48833703995,-0.904906586225
4.52044987679,-0.909969373368
4.5844938755,-0.91902909773
4.64868092537,-0.930353753181
4.71259307861,-0.918096479045
4.71278595924,-0.907171517315
4.74437093735,-0.893448699532
4.80817699432,-0.881591119118
4.87204194069,-0.848683002687
4.88767790794,-0.846551302838
4.95160102844,-0.830297091483
4.96752595901,-0.807647780579
4.97066092491,-0.798721287458
5.00281405449,-0.804716693286
5.006305933,-0.804716693286
5.03809499741,-0.804583462045
5.06985998154,-0.791793262947
5.13423299789,-0.784332313473
5.14967799187,-0.783133232307
5.21364498138,-0.793924962797
5.27748608589,-0.776071976555
5.34118008614,-0.776071976555
5.3567700386,-0.771941808096
5.38861203194,-0.755554365501
5.42040705681,-0.755554365501
5.48453187943,-0.757419602869
5.54861903191,-0.745961716177
5.5804810524,-0.711321593618
5.58381009102,-0.715052068355
5.64795804024,-0.703460950422
5.67964196205,-0.69213629497
5.69523000717,-0.663491578239
5.75904107094,-0.658428791096
5.82306098938,-0.647104135644
5.82325291634,-0.638444105004
5.88695788383,-0.584352221317
5.95114302635,-0.627652374515
6.01523900032,-0.630716693049
6.04724693298,-0.640442573613
6.05465888977,-0.64177488602
6.11846709251,-0.63751148632
6.15036392212,-0.636978561358
6.18219900131,-0.666555896773
6.24616098404,-0.661759572111
6.26188397408,-0.666689128014
6.32587409019,-0.676548239819
6.38989305496,-0.69426799482
6.45386099815,-0.714918837115
6.46136498451,-0.711987749821
6.52545309067,-0.732771823356
6.58947110176,-0.752356815726
6.65579605103,-0.754088821854
6.66307592392,-0.790194488059
6.72678589821,-0.801652374752
6.7423210144,-0.816973967422
6.74970698357,-0.820304748437
6.78129887581,-0.846551302838
6.78136610985,-0.846551302838
6.81287193298,-0.854944870996
6.81296300888,-0.854944870996
6.87668991089,-0.86893415126
6.90845894814,-0.88851914363
6.97230195999,-0.913166923143
6.98803210258,-0.922226647504
7.05191397667,-0.937548240174
7.11595892906,-0.943410414761
7.17997908592,-0.963528332093
7.19563603401,-1.00309801055
7.22759389877,-1.00682848529
7.25956892967,-1.00682848529
7.26717209816,-1.01602144089
7.28291606903,-1.03454058334
7.34680390358,-1.04040275793
7.37872695923,-1.0252143965
7.4106938839,-1.03174272729
7.41081094742,-1.03174272729
7.47478199005,-1.03094333984
7.49042510986,-1.02827871503
7.52222490311,-1.01615467213
7.55411291122,-1.01615467213
7.58595395088,-0.999633998299
7.58629202843,-0.993105667509
7.65041899681,-0.993638592471
7.65053796768,-0.980581930891
7.71423006058,-0.967525269312
7.7782459259,-0.96712557559
7.77837300301,-0.943410414761
7.84231901169,-0.929287903257
7.85806393623,-0.94967228307
7.88995504379,-0.972987750177
7.9539000988,-0.945941808333
7.96965098381,-0.954202145251
7.97704291344,-0.930753446903
