0.00720810890198,-0.0269127106033,-0.00333078101526,-0.00999234304577,0.068603515625,0.987060546875,-0.020263671875,
0.014848947525,-0.0269127106033,-0.00333078101526,-0.00999234304577,0.068603515625,0.987060546875,-0.020263671875,
0.0225050449371,-0.0269127106033,-0.00333078101526,-0.00999234304577,0.068603515625,0.987060546875,-0.020263671875,
0.03005194664,-0.0269127106033,-0.00333078101526,-0.00999234304577,0.068603515625,0.987060546875,-0.020263671875,
0.0617179870605,-0.0269127106033,-0.00333078101526,-0.00999234304577,0.068603515625,0.987060546875,-0.020263671875,
0.0696549415588,-0.0269127106033,-0.00333078101526,-0.00999234304577,0.068603515625,0.987060546875,-0.020263671875,
0.101768016815,-0.0269127106033,-0.00333078101526,-0.00999234304577,0.068603515625,0.987060546875,-0.020263671875,
0.101809978485,-0.0269127106033,-0.00333078101526,-0.00999234304577,0.068603515625,0.987060546875,-0.020263671875,
0.133605957031,-0.0269127106033,-0.00333078101526,-0.00999234304577,0.068603515625,0.987060546875,-0.020263671875,
0.133816003799,-0.0269127106033,-0.00333078101526,-0.00999234304577,0.068603515625,0.987060546875,-0.020263671875,
0.149364948273,-0.0269127106033,-0.00333078101526,-0.00999234304577,0.068603515625,0.987060546875,-0.020263671875,
0.165528059006,-0.0269127106033,-0.00333078101526,-0.00999234304577,0.068603515625,0.987060546875,-0.020263671875,
0.181007146835,-0.0269127106033,-0.00333078101526,-0.00999234304577,0.068603515625,0.987060546875,-0.020263671875,
0.244991064072,-0.0251807044753,-0.00839356815845,-0.00479632466197,0.06396484375,0.996337890625,-0.020263671875,
0.252664089203,-0.0265130168814,-0.00746094947417,0.0114578866925,0.061767578125,0.99169921875,-0.019775390625,
0.260313034058,-0.0265130168814,-0.00746094947417,0.0114578866925,0.061767578125,0.99169921875,-0.019775390625,
0.292279958725,-0.0254471669566,-0.00706125575234,0.0210505360164,0.064697265625,0.990234375,-0.015380859375,
0.295567989349,-0.0254471669566,-0.00706125575234,0.0210505360164,0.064697265625,0.990234375,-0.015380859375,
0.359816074371,-0.0258468606784,-0.00639509954929,0.0289111792124,0.0654296875,0.985595703125,-0.019775390625,
0.359977960587,-0.0258468606784,-0.00639509954929,0.0289111792124,0.0654296875,0.985595703125,-0.019775390625,
0.391982078552,-0.0297105666561,-0.00852679939906,0.0374379786115,0.080078125,1.0107421875,-0.00927734375,
0.39201593399,-0.0297105666561,-0.00852679939906,0.0374379786115,0.080078125,1.0107421875,-0.00927734375,
0.423960924149,-0.0246477795129,-0.00772741195539,0.0399693721831,0.062255859375,0.988037109375,-0.01953125,
0.427187919617,-0.0246477795129,-0.00772741195539,0.0399693721831,0.062255859375,0.988037109375,-0.01953125,
0.459181070328,-0.0243813170317,-0.00799387443662,0.0460980092511,0.074462890625,0.99853515625,-0.0234375,
0.466341018677,-0.0243813170317,-0.00799387443662,0.0460980092511,0.074462890625,0.99853515625,-0.0234375,
0.530445098877,-0.0254471669566,-0.00759418071478,0.0476967841385,0.07470703125,0.99462890625,-0.016357421875,
0.534081935883,-0.0257136294378,-0.00226493109037,0.0535589587253,0.075927734375,0.990966796875,-0.019775390625,
0.565757989883,-0.0171868300387,0.0221163859413,0.0799387443662,0.043701171875,1.00317382812,-0.015869140625,
0.597727060318,-0.0334410413932,-0.0118575804143,0.0999234304577,0.083984375,1.01171875,-0.017333984375,
0.606017112732,-0.0334410413932,-0.0118575804143,0.0999234304577,0.083984375,1.01171875,-0.017333984375,
0.637840032578,-0.0223828484225,-0.0165206738357,0.109649311022,0.094970703125,0.97607421875,-0.016845703125,
0.645435094833,-0.0223828484225,-0.0165206738357,0.109649311022,0.094970703125,0.97607421875,-0.016845703125,
0.677659034729,-0.0234486983474,-0.0145222052265,0.116444104293,0.09912109375,0.98046875,-0.02783203125,
0.709885120392,-0.0247810107535,-0.0090597243615,0.132964778129,0.091796875,0.976806640625,-0.017578125,
0.74198102951,-0.0361056662054,-0.0177197550012,0.153748851664,0.093017578125,1.0029296875,-0.019287109375,
0.773908138275,-0.0269127106033,-0.0226493109037,0.181594180952,0.10791015625,0.98046875,-0.010498046875,
0.775030136108,-0.0269127106033,-0.0226493109037,0.181594180952,0.10791015625,0.98046875,-0.010498046875,
0.838869094849,-0.0186523736854,-0.012656967858,0.197182236103,0.11279296875,0.95654296875,-0.0234375,
0.840054035187,-0.0249142419941,0.0,0.226892802759,0.124755859375,1.04833984375,-0.030517578125,
0.871840000153,-0.0395696784612,-0.00866003063967,0.269393568514,0.129638671875,0.952392578125,-0.029541015625,
0.879329919815,-0.0395696784612,-0.00866003063967,0.269393568514,0.129638671875,0.952392578125,-0.029541015625,
0.911107063293,-0.0171868300387,-0.00239816233098,0.280584992725,0.147705078125,0.97314453125,-0.017578125,
0.942831039429,-0.0375712098521,-0.00226493109037,0.309895865659,0.163330078125,0.981201171875,-0.026123046875,
0.9747569561,-0.0243813170317,-0.0135895865422,0.335343032616,0.134033203125,0.9697265625,-0.01904296875,
0.98227596283,-0.0243813170317,-0.0135895865422,0.335343032616,0.134033203125,0.9697265625,-0.01904296875,
1.01414704323,-0.0289111792124,-0.00306431853404,0.366252680438,0.14306640625,0.99560546875,-0.005859375,
1.04586195946,-0.0263797856408,0.000532924962441,0.404756508974,0.1884765625,0.96728515625,-0.017578125,
1.07766914368,-0.0278453292875,0.000666156203051,0.42127718281,0.215576171875,0.9677734375,-0.0205078125,
1.08529901505,-0.0278453292875,0.000666156203051,0.42127718281,0.215576171875,0.9677734375,-0.0205078125,
1.11725091934,-0.0279785605282,0.00159877488732,0.437398162923,0.232421875,0.94970703125,-0.024169921875,
1.14944195747,-0.0265130168814,0.00279785605282,0.460846861271,0.239501953125,0.96435546875,-0.016357421875,
1.18099498749,-0.0281117917688,0.00666156203051,0.468973966948,0.2421875,0.958984375,-0.0087890625,
1.2129650116,-0.023581929588,0.00452986218075,0.490424196686,0.2568359375,0.94287109375,-0.01806640625,
1.22076702118,-0.023581929588,0.00452986218075,0.490424196686,0.2568359375,0.94287109375,-0.01806640625,
1.28505206108,-0.0239816233098,-0.00186523736854,0.511341501462,0.272216796875,0.949462890625,-0.0166015625,
1.28512692451,-0.0239816233098,-0.00186523736854,0.511341501462,0.272216796875,0.949462890625,-0.0166015625,
1.28516101837,-0.0239816233098,-0.00186523736854,0.511341501462,0.272216796875,0.949462890625,-0.0166015625,
1.2861790657,-0.0239816233098,-0.00186523736854,0.511341501462,0.272216796875,0.949462890625,-0.0166015625,
1.31823301315,-0.0239816233098,-0.00186523736854,0.511341501462,0.272216796875,0.949462890625,-0.0166015625,
1.3192679882,-0.0239816233098,-0.00186523736854,0.511341501462,0.272216796875,0.949462890625,-0.0166015625,
1.3510529995,-0.0239816233098,-0.00186523736854,0.511341501462,0.272216796875,0.949462890625,-0.0166015625,
1.35225200653,-0.0239816233098,-0.00186523736854,0.511341501462,0.272216796875,0.949462890625,-0.0166015625,
1.38430714607,-0.0239816233098,-0.00186523736854,0.511341501462,0.272216796875,0.949462890625,-0.0166015625,
1.38533210754,-0.0239816233098,-0.00186523736854,0.511341501462,0.272216796875,0.949462890625,-0.0166015625,
1.41697001457,-0.0239816233098,-0.00186523736854,0.511341501462,0.272216796875,0.949462890625,-0.0166015625,
1.42461895943,-0.0239816233098,-0.00186523736854,0.511341501462,0.272216796875,0.949462890625,-0.0166015625,
1.4882171154,-0.0299770291373,0.00359724349648,0.580355284098,0.381591796875,0.919921875,-0.0126953125,
1.49140310287,-0.0305099540997,-0.0051960183838,0.586750383648,0.410400390625,0.9072265625,-0.010009765625,
1.5555999279,-0.0285114854906,0.0,0.615128637898,0.41552734375,0.900390625,-0.0029296875,
1.55591893196,-0.0285114854906,0.0,0.615128637898,0.41552734375,0.900390625,-0.0029296875,
1.57156705856,-0.0266462481221,0.00506278714319,0.597009189175,0.43798828125,0.894775390625,-0.007568359375,
1.60343003273,-0.0255803981972,0.00413016845892,0.626053599628,0.462646484375,0.88671875,-0.01123046875,
1.63557600975,-0.0274456355657,0.00213169984976,0.620591118763,0.484130859375,0.872314453125,-0.00830078125,
1.66751003265,-0.0255803981972,-0.00346401225587,0.642441042223,0.495849609375,0.854736328125,-0.008544921875,
1.69954299927,-0.025980091919,-0.000266462481221,0.643107198426,0.529541015625,0.860107421875,-0.01953125,
1.73168802261,-0.0281117917688,-0.0051960183838,0.677081164781,0.529296875,0.83349609375,-0.008056640625,
1.73938512802,-0.0281117917688,-0.0051960183838,0.677081164781,0.529296875,0.83349609375,-0.008056640625,
1.77114701271,-0.0282450230094,-0.00186523736854,0.677347627263,0.566650390625,0.834228515625,-0.01611328125,
1.8028690815,-0.0251807044753,-0.00239816233098,0.69639969467,0.572265625,0.817138671875,-0.009521484375,
1.86761403084,-0.0173200612793,0.0111914242113,0.717050536964,0.574462890625,0.806640625,-0.01416015625,
1.8680100441,-0.0306431853404,-0.00119908116549,0.730107198544,0.62060546875,0.818115234375,-0.009765625,
1.93242192268,-0.0171868300387,-0.00413016845892,0.758485452794,0.641357421875,0.767333984375,-0.01123046875,
1.93255209923,-0.0247810107535,-0.00452986218075,0.783532926029,0.643798828125,0.76318359375,-0.005859375,
1.94020605087,-0.0247810107535,-0.00452986218075,0.783532926029,0.643798828125,0.76318359375,-0.005859375,
1.97253894806,-0.025980091919,-0.00639509954929,0.812310874001,0.679443359375,0.74267578125,-0.005126953125,
2.00434207916,-0.0193185298885,-0.00506278714319,0.825633998062,0.697998046875,0.712158203125,-0.01123046875,
2.03589200974,-0.0194517611291,-0.00679479327112,0.865736601485,0.710693359375,0.70068359375,-0.01416015625,
2.04354214668,-0.0194517611291,-0.00679479327112,0.865736601485,0.710693359375,0.70068359375,-0.01416015625,
2.07554292679,-0.0155880551514,-0.00479632466197,0.88412251269,0.732421875,0.68017578125,-0.0126953125,
2.10760211945,-0.0119908116549,-0.00239816233098,0.8995773366,0.758544921875,0.651123046875,-0.02099609375,
2.11507105827,-0.0119908116549,-0.00239816233098,0.8995773366,0.758544921875,0.651123046875,-0.02099609375,
2.14714002609,-0.0127901990986,-0.0131898928204,0.936748852731,0.77978515625,0.615478515625,-0.032470703125,
2.1791510582,-0.01092496173,-0.015055130189,0.955934151379,0.800537109375,0.59521484375,-0.001708984375,
2.21169304848,-0.0165206738357,-0.0169203675575,0.975652374989,0.827392578125,0.5712890625,-0.0126953125,
2.24400997162,-0.0282450230094,-0.0186523736854,1.00123277319,0.846435546875,0.565185546875,-0.009765625,
2.24519395828,-0.0282450230094,-0.0186523736854,1.00123277319,0.846435546875,0.565185546875,-0.009765625,
2.30945706367,-0.023581929588,-0.0146554364671,1.00962634134,0.864990234375,0.51416015625,-0.0205078125,
2.31060600281,-0.0223828484225,-0.0222496171819,1.01575497841,0.883544921875,0.491943359375,-0.009765625,
2.34263491631,-0.0245145482723,-0.018119448723,1.01708729082,0.901611328125,0.469482421875,-0.0146484375,
2.35040402412,-0.0245145482723,-0.018119448723,1.01708729082,0.901611328125,0.469482421875,-0.0146484375,
2.38297700882,-0.0165206738357,-0.0190520674073,1.00123277319,0.921142578125,0.408935546875,-0.01806640625,
2.41485309601,-0.0165206738357,-0.0123905053768,0.999367535818,0.939208984375,0.38671875,-0.020751953125,
2.44721603394,-0.0178529862418,-0.0147886677077,0.976984687395,0.94091796875,0.358154296875,-0.02490234375,
2.47931003571,-0.0165206738357,-0.0183859112042,0.972055131492,0.94140625,0.3388671875,-0.029052734375,
2.51117706299,-0.0183859112042,-0.0117243491737,0.946208270814,0.973388671875,0.2880859375,-0.01611328125,
2.51513600349,-0.0183859112042,-0.0117243491737,0.946208270814,0.973388671875,0.2880859375,-0.01611328125,
2.5469429493,-0.0223828484225,-0.0129234303392,0.940212864987,0.97216796875,0.256103515625,-0.026123046875,
2.5786819458,-0.0210505360164,-0.0214502297383,0.941944871114,0.976318359375,0.23828125,-0.0234375,
2.61053204536,-0.0271791730845,-0.0185191424448,0.93221899055,0.97265625,0.190185546875,-0.016845703125,
2.61799907684,-0.0271791730845,-0.0185191424448,0.93221899055,0.97265625,0.190185546875,-0.016845703125,
2.6499979496,-0.0237151608286,-0.0183859112042,0.919695253933,1.01123046875,0.158935546875,-0.027099609375,
2.68213200569,-0.0179862174824,-0.0210505360164,0.921027566339,1.0009765625,0.132080078125,-0.02197265625,
2.71356701851,-0.0234486983474,-0.0139892802641,0.921960185023,1.00073242188,0.11181640625,-0.03125,
2.72177910805,-0.0234486983474,-0.0139892802641,0.921960185023,1.00073242188,0.11181640625,-0.03125,
2.75434803963,-0.0206508422946,-0.0274456355657,0.911967841977,1.00024414062,0.086669921875,-0.014404296875,
2.78670310974,-0.018785604926,-0.0185191424448,0.897578867991,1.02368164062,0.038818359375,-0.009765625,
2.81820392609,-0.0183859112042,-0.0234486983474,0.899843799082,1.01635742188,-0.00537109375,-0.021484375,
2.82588791847,-0.0183859112042,-0.0234486983474,0.899843799082,1.01635742188,-0.00537109375,-0.021484375,
2.85816502571,-0.0171868300387,-0.0202511485728,0.916497704158,1.01733398438,-0.0185546875,-0.017578125,
2.89023709297,-0.0186523736854,-0.0177197550012,0.918229710286,1.0029296875,-0.039306640625,-0.02490234375,
2.92204403877,-0.0233154671068,-0.0303767228591,0.919695253933,0.991943359375,-0.061279296875,-0.03955078125,
2.92524194717,-0.0233154671068,-0.0303767228591,0.919695253933,0.991943359375,-0.061279296875,-0.03955078125,
2.95729804039,-0.0298437978967,-0.0262465544002,0.939546708784,1.0146484375,-0.09130859375,-0.02392578125,
2.98928809166,-0.0298437978967,-0.0262465544002,0.939546708784,1.0146484375,-0.09130859375,-0.02392578125,
2.98944211006,-0.0298437978967,-0.0262465544002,0.939546708784,1.0146484375,-0.09130859375,-0.02392578125,
3.02101206779,-0.0231822358662,-0.033174578912,0.947673814461,1.00952148438,-0.151123046875,-0.0234375,
3.05314207077,-0.0209173047758,-0.0289111792124,0.949139358107,0.9970703125,-0.20556640625,-0.03369140625,
3.08536100388,-0.0193185298885,-0.0275788668063,0.949539051829,0.981689453125,-0.231689453125,-0.036376953125,
3.11736011505,-0.022915773385,-0.0390367534988,0.94314395228,0.946044921875,-0.248291015625,-0.019775390625,
3.13302707672,-0.022915773385,-0.0390367534988,0.94314395228,0.946044921875,-0.248291015625,-0.019775390625,
3.16524100304,-0.0167871363169,-0.0257136294378,0.947274120739,0.977783203125,-0.319580078125,-0.02880859375,
3.19721698761,-0.0134563553016,-0.0275788668063,0.9563338451,0.951904296875,-0.32666015625,-0.031982421875,
3.22916007042,-0.0298437978967,-0.0286447167312,0.967791731793,0.94921875,-0.35009765625,-0.03173828125,
3.26080107689,-0.0177197550012,-0.0297105666561,0.954335376491,0.92919921875,-0.3935546875,-0.027099609375,
3.29285907745,-0.0227825421444,-0.0333078101526,0.953535989048,0.9326171875,-0.429931640625,-0.034912109375,
3.32484912872,-0.0215834609789,-0.0310428790622,0.957399695025,0.896484375,-0.447021484375,-0.041015625,
3.33247900009,-0.0215834609789,-0.0310428790622,0.957399695025,0.896484375,-0.447021484375,-0.041015625,
3.36460995674,-0.0351730475211,-0.0319754977465,0.94754058322,0.88720703125,-0.489013671875,-0.031494140625,
3.39646291733,-0.0293108729343,-0.0306431853404,0.945142420889,0.861572265625,-0.5322265625,-0.038818359375,
3.42858600616,-0.0275788668063,-0.0337075038744,0.939413477543,0.861572265625,-0.537353515625,-0.024658203125,
3.49243998528,-0.0277120980469,-0.0355727412429,0.921826953782,0.841552734375,-0.559326171875,-0.041259765625,
3.49584197998,-0.0309096478216,-0.0337075038744,0.914898929271,0.815673828125,-0.584716796875,-0.04638671875,
3.52763104439,-0.0234486983474,-0.0426339969953,0.904906586225,0.797607421875,-0.64111328125,-0.03564453125,
3.5350279808,-0.0234486983474,-0.0426339969953,0.904906586225,0.797607421875,-0.64111328125,-0.03564453125,
3.59931612015,-0.0151883614296,-0.036238897446,0.895980093104,0.79248046875,-0.651611328125,-0.03271484375,
3.60041594505,-0.0215834609789,-0.0390367534988,0.896246555585,0.763671875,-0.662109375,-0.043212890625,
3.66456604004,-0.029044410453,-0.0302434916185,0.911434917015,0.751220703125,-0.670654296875,-0.04150390625,
3.6678609848,-0.033174578912,-0.0318422665059,0.903707505059,0.7294921875,-0.68798828125,-0.047607421875,
3.69963002205,-0.0274456355657,-0.0382373660551,0.903041348856,0.697021484375,-0.741455078125,-0.0556640625,
3.73138308525,-0.0269127106033,-0.0358392037242,0.906905054834,0.67333984375,-0.758056640625,-0.04150390625,
3.74712991714,-0.0269127106033,-0.0358392037242,0.906905054834,0.67333984375,-0.758056640625,-0.04150390625,
3.77873396873,-0.0221163859413,-0.0378376723333,0.908503829721,0.648681640625,-0.78759765625,-0.038818359375,
3.81037092209,-0.0221163859413,-0.0353062787617,0.92129402882,0.630859375,-0.785888671875,-0.051513671875,
3.84218406677,-0.0310428790622,-0.0382373660551,0.917163860361,0.612060546875,-0.802978515625,-0.056640625,
3.87401413918,-0.0309096478216,-0.0373047473709,0.919961716414,0.574462890625,-0.8388671875,-0.056396484375,
3.90615200996,-0.0305099540997,-0.0349065850399,0.925290966038,0.534912109375,-0.86572265625,-0.0380859375,
3.93795013428,-0.0215834609789,-0.0434333844389,0.931819296828,0.52490234375,-0.885986328125,-0.036376953125,
3.94525313377,-0.0215834609789,-0.0434333844389,0.931819296828,0.52490234375,-0.885986328125,-0.036376953125,
4.00954699516,-0.0253139357159,-0.0470306279354,0.945009189649,0.482421875,-0.88232421875,-0.0595703125,
4.01067709923,-0.0343736600774,-0.0355727412429,0.957133232544,0.48486328125,-0.87841796875,-0.05126953125,
4.07487201691,-0.0333078101526,-0.0361056662054,0.957266463785,0.445556640625,-0.920654296875,-0.046142578125,
4.07596206665,-0.0285114854906,-0.0472970904166,0.959264932394,0.3935546875,-0.931396484375,-0.046630859375,
4.14015603065,-0.0302434916185,-0.0409019908673,0.961130169762,0.376708984375,-0.9521484375,-0.0517578125,
4.14118909836,-0.0346401225587,-0.0398361409425,0.967525269312,0.366455078125,-0.926513671875,-0.058837890625,
4.15697693825,-0.0346401225587,-0.0398361409425,0.967525269312,0.366455078125,-0.926513671875,-0.058837890625,
4.18906593323,-0.0289111792124,-0.0451653905669,0.973520675139,0.30712890625,-0.974609375,-0.047119140625,
4.22106909752,-0.0350398162805,-0.041701378311,0.978716693523,0.281982421875,-0.96240234375,-0.037353515625,
4.23707914352,-0.0350398162805,-0.041701378311,0.978716693523,0.281982421875,-0.96240234375,-0.037353515625,
4.24455499649,-0.0350398162805,-0.041701378311,0.978716693523,0.281982421875,-0.96240234375,-0.037353515625,
4.3088619709,-0.0361056662054,-0.0395696784612,0.979116387245,0.2529296875,-0.974609375,-0.046875,
4.31657505035,-0.0355727412429,-0.036238897446,0.968857581718,0.177490234375,-1.00439453125,-0.050537109375,
4.3484621048,-0.0371715161303,-0.0402358346643,0.950738132995,0.132568359375,-0.999267578125,-0.053466796875,
4.38051891327,-0.0365053599272,-0.0406355283861,0.946607964536,0.1103515625,-1.00756835938,-0.059326171875,
4.41232895851,-0.0365053599272,-0.0406355283861,0.946607964536,0.1103515625,-1.00756835938,-0.059326171875,
4.41237211227,-0.0365053599272,-0.0406355283861,0.946607964536,0.1103515625,-1.00756835938,-0.059326171875,
4.41564512253,-0.0365053599272,-0.0406355283861,0.946607964536,0.1103515625,-1.00756835938,-0.059326171875,
4.44744896889,-0.0378376723333,-0.0422343032735,0.940745789949,0.097412109375,-0.999267578125,-0.064697265625,
4.47958898544,-0.0402358346643,-0.0434333844389,0.92569065976,0.02587890625,-1.01123046875,-0.061767578125,
4.51174902916,-0.0381041348145,-0.0373047473709,0.921160797579,-0.017333984375,-1.00537109375,-0.05224609375,
4.51924490929,-0.0381041348145,-0.0373047473709,0.921160797579,-0.017333984375,-1.00537109375,-0.05224609375,
4.55144906044,-0.0330413476713,-0.0442327718826,0.907304748556,-0.05615234375,-1.02197265625,-0.03955078125,
4.58314704895,-0.0378376723333,-0.0444992343638,0.894647780698,-0.075927734375,-0.9970703125,-0.06005859375,
4.61520195007,-0.0391699847394,-0.0406355283861,0.89291577457,-0.09033203125,-0.999755859375,-0.05419921875,
4.62275910378,-0.0391699847394,-0.0406355283861,0.89291577457,-0.09033203125,-0.999755859375,-0.05419921875,
4.65487003326,-0.0391699847394,-0.0351730475211,0.893981624495,-0.106689453125,-0.986083984375,-0.07470703125,
4.68686008453,-0.0475635528979,-0.0411684533486,0.877194488178,-0.16064453125,-0.989501953125,-0.0537109375,
4.71862697601,-0.0430336907171,-0.036238897446,0.86240582047,-0.182373046875,-0.984619140625,-0.06201171875,
4.72632098198,-0.0430336907171,-0.036238897446,0.86240582047,-0.182373046875,-0.984619140625,-0.06201171875,
4.75802302361,-0.0421010720328,-0.0383705972958,0.87319755096,-0.215087890625,-0.987548828125,-0.056640625,
4.78998303413,-0.0476967841385,-0.031442572784,0.859474733177,-0.2236328125,-0.99658203125,-0.057373046875,
4.82168197632,-0.0357059724835,-0.0385038285364,0.845485452913,-0.2685546875,-0.9775390625,-0.062255859375,
4.82942509651,-0.0357059724835,-0.0385038285364,0.845485452913,-0.2685546875,-0.9775390625,-0.062255859375,
4.86136698723,-0.0466309342136,-0.0282450230094,0.838690659642,-0.2978515625,-0.960205078125,-0.06103515625,
4.89330911636,-0.0409019908673,-0.0335742726338,0.830030629002,-0.3251953125,-0.938232421875,-0.051025390625,
4.92541909218,-0.0373047473709,-0.0347733537993,0.828165391633,-0.362548828125,-0.94140625,-0.061279296875,
4.92864012718,-0.0373047473709,-0.0347733537993,0.828165391633,-0.362548828125,-0.94140625,-0.061279296875,
4.96042203903,-0.0430336907171,-0.0354395100023,0.823901991934,-0.390380859375,-0.91943359375,-0.058349609375,
4.99230694771,-0.0448989280857,-0.0431669219577,0.828964779077,-0.411865234375,-0.919677734375,-0.04931640625,
5.02410912514,-0.0409019908673,-0.0373047473709,0.832562022573,-0.435302734375,-0.91259765625,-0.053955078125,
5.0320289135,-0.0409019908673,-0.0373047473709,0.832562022573,-0.435302734375,-0.91259765625,-0.053955078125,
5.06432104111,-0.0435666156796,-0.0401026034237,0.832295560092,-0.4599609375,-0.8876953125,-0.0546875,
5.09606313705,-0.0492955590258,-0.0379709035739,0.834294028701,-0.475830078125,-0.873779296875,-0.062744140625,
5.12816309929,-0.0456983155293,-0.0358392037242,0.827898929152,-0.501220703125,-0.85302734375,-0.052734375,
5.13566112518,-0.0456983155293,-0.0358392037242,0.827898929152,-0.501220703125,-0.85302734375,-0.052734375,
5.16761994362,-0.0399693721831,-0.0330413476713,0.837624809717,-0.540771484375,-0.853515625,-0.05078125,
5.19979000092,-0.0444992343638,-0.0319754977465,0.835493109867,-0.56201171875,-0.843994140625,-0.044677734375,
5.23169708252,-0.0409019908673,-0.0330413476713,0.835226647386,-0.582763671875,-0.818603515625,-0.0498046875,
5.23502707481,-0.0409019908673,-0.0330413476713,0.835226647386,-0.582763671875,-0.818603515625,-0.0498046875,
5.26721596718,-0.0462312404918,-0.0317090352652,0.834693722423,-0.607177734375,-0.80078125,-0.0458984375,
5.2991631031,-0.0570229709812,-0.0422343032735,0.833228178777,-0.67236328125,-0.803955078125,-0.040771484375,
5.33077192307,-0.0492955590258,-0.0472970904166,0.829497704039,-0.673828125,-0.723388671875,-0.063232421875,
5.33851504326,-0.0492955590258,-0.0472970904166,0.829497704039,-0.673828125,-0.723388671875,-0.063232421875,
5.37034606934,-0.047163859176,-0.0366385911678,0.825500766821,-0.702392578125,-0.718505859375,-0.0576171875,
5.40234208107,-0.0382373660551,-0.0371715161303,0.834560491183,-0.67578125,-0.739501953125,-0.05908203125,
5.43413591385,-0.051960183838,-0.0321087289871,0.824568148137,-0.717529296875,-0.71044921875,-0.04736328125,
5.46603703499,-0.0451653905669,-0.0313093415434,0.829764166521,-0.72412109375,-0.66845703125,-0.05517578125,
5.49817204475,-0.0530260337629,-0.0339739663556,0.829497704039,-0.74755859375,-0.657470703125,-0.052490234375,
5.52977204323,-0.0433001531983,-0.0359724349648,0.816041348738,-0.788330078125,-0.653076171875,-0.061767578125,
5.54549813271,-0.0433001531983,-0.0359724349648,0.816041348738,-0.788330078125,-0.653076171875,-0.061767578125,
5.57710814476,-0.0470306279354,-0.0201179173321,0.826966310468,-0.782470703125,-0.614013671875,-0.052734375,
5.60916399956,-0.0467641654542,-0.0261133231596,0.813376723926,-0.787841796875,-0.593994140625,-0.057861328125,
5.64100813866,-0.0450321593263,-0.0321087289871,0.816041348738,-0.81396484375,-0.57568359375,-0.054443359375,
5.67296504974,-0.0455650842887,-0.0346401225587,0.807914243061,-0.84814453125,-0.54638671875,-0.058837890625,
5.70520305634,-0.0570229709812,-0.0431669219577,0.787130169525,-0.86474609375,-0.50439453125,-0.066162109375,
5.73729801178,-0.0524931088004,-0.033840735115,0.79912098118,-0.878173828125,-0.500732421875,-0.0634765625,
5.74477791786,-0.0524931088004,-0.033840735115,0.79912098118,-0.878173828125,-0.500732421875,-0.0634765625,
5.77642798424,-0.0483629403415,-0.0298437978967,0.812710567723,-0.8564453125,-0.453125,-0.050048828125,
5.80830192566,-0.0496952527476,-0.0425007657547,0.803784074602,-0.906005859375,-0.44677734375,-0.044677734375,
5.87249803543,-0.0567565085,-0.0269127106033,0.802185299714,-0.910400390625,-0.392578125,-0.056640625,
5.87351703644,-0.0451653905669,-0.0274456355657,0.808447168023,-0.924560546875,-0.384521484375,-0.045654296875,
5.93760609627,-0.0395696784612,-0.0131898928204,0.801119449789,-0.883544921875,-0.361083984375,-0.093994140625,
5.94083499908,-0.0515604901162,-0.0378376723333,0.811378255316,-0.963134765625,-0.322021484375,-0.073486328125,
5.94832205772,-0.0515604901162,-0.0378376723333,0.811378255316,-0.963134765625,-0.322021484375,-0.073486328125,
5.98039197922,-0.0439663094014,-0.0219831547007,0.825500766821,-0.964111328125,-0.316162109375,-0.040283203125,
6.04428505898,-0.0504946401913,-0.0230490046256,0.819638592234,-0.93017578125,-0.284423828125,-0.04638671875,
6.04767298698,-0.0430336907171,-0.0299770291373,0.844286371747,-0.9765625,-0.259765625,-0.04736328125,
6.07946491241,-0.0448989280857,-0.0257136294378,0.852013783703,-0.969970703125,-0.2373046875,-0.041015625,
6.14319896698,-0.0523598775598,-0.0207840735352,0.851214396259,-0.968505859375,-0.204833984375,-0.046875,
6.14324092865,-0.0536921899659,-0.0301102603779,0.858142420771,-0.972412109375,-0.1787109375,-0.046142578125,
6.15061807632,-0.0536921899659,-0.0301102603779,0.858142420771,-0.972412109375,-0.1787109375,-0.046142578125,
6.18233799934,-0.044765696845,-0.0265130168814,0.862805514192,-0.97998046875,-0.142333984375,-0.045166015625,
6.21431994438,-0.054358346169,-0.0199846860915,0.866402757688,-0.972900390625,-0.09326171875,-0.04052734375,
6.27829694748,-0.0538254212065,-0.0226493109037,0.861339970545,-0.981689453125,-0.084716796875,-0.049072265625,
6.27833294868,-0.0538254212065,-0.0226493109037,0.861339970545,-0.981689453125,-0.084716796875,-0.049072265625,
6.29405808449,-0.0476967841385,-0.0194517611291,0.868534457538,-0.98828125,-0.057861328125,-0.05126953125,
6.32588100433,-0.0512940276349,-0.0295773354155,0.86680245141,-0.86474609375,-0.04541015625,0.0126953125,
6.35742306709,-0.0365053599272,-0.0395696784612,0.878793263065,-1.05151367188,-0.0263671875,-0.056640625,
6.38939094543,-0.0518269525974,0.00532924962441,0.889851456036,-0.972900390625,0.03466796875,-0.05419921875,
6.42103409767,-0.0475635528979,-0.0237151608286,0.886787137502,-0.949951171875,0.07275390625,-0.04638671875,
6.45329403877,-0.0458315467699,-0.0226493109037,0.886653906261,-1.02172851562,0.081298828125,-0.0400390625,
6.45680499077,-0.0458315467699,-0.0226493109037,0.886653906261,-1.02172851562,0.081298828125,-0.0400390625,
6.48863506317,-0.0498284839882,-0.00985911180516,0.874130169644,-0.96630859375,0.1357421875,-0.037353515625,
6.55336213112,-0.0500949464695,-0.0249142419941,0.867068913892,-0.977783203125,0.17431640625,-0.038818359375,
6.55341601372,-0.0560903522969,-0.0193185298885,0.863604901636,-0.984375,0.20654296875,-0.044189453125,
6.56075501442,-0.0560903522969,-0.0193185298885,0.863604901636,-0.984375,0.20654296875,-0.044189453125,
6.59278798103,-0.062218989365,-0.01092496173,0.851214396259,-0.948974609375,0.23876953125,-0.03857421875,
6.62481403351,-0.055024502372,-0.0226493109037,0.84495252795,-0.951171875,0.24267578125,-0.046630859375,
6.65649414062,-0.0544915774096,-0.0118575804143,0.839090353363,-0.9375,0.26708984375,-0.041015625,
6.66410303116,-0.0544915774096,-0.0118575804143,0.839090353363,-0.9375,0.26708984375,-0.041015625,
6.72799801826,-0.0531592650035,-0.0177197550012,0.822569679528,-0.929443359375,0.3154296875,-0.048095703125,
6.73149800301,-0.0523598775598,-0.0131898928204,0.824568148137,-0.927734375,0.331787109375,-0.039306640625,
6.76356601715,-0.0552909648533,-0.0174532925199,0.811245024076,-0.921875,0.355712890625,-0.033203125,
6.79531002045,-0.0555574273345,-0.0179862174824,0.817640123625,-0.904296875,0.402587890625,-0.02587890625,
6.85958003998,-0.0500949464695,-0.0149218989483,0.813110261444,-0.89404296875,0.40771484375,-0.03662109375,
6.85995101929,-0.0522266463192,-0.0105252680082,0.809379786707,-0.8837890625,0.4384765625,-0.044189453125,
6.86725211143,-0.0522266463192,-0.0105252680082,0.809379786707,-0.8837890625,0.4384765625,-0.044189453125,
6.89896512032,-0.0484961715821,-0.0146554364671,0.807914243061,-0.87744140625,0.4609375,-0.032958984375,
6.93096113205,-0.046497702973,-0.0130566615798,0.811644717798,-0.859130859375,0.477294921875,-0.03759765625,
6.96320104599,-0.0431669219577,-0.00839356815845,0.81870597355,-0.836669921875,0.51171875,-0.0380859375,
6.97065496445,-0.0431669219577,-0.00839356815845,0.81870597355,-0.836669921875,0.51171875,-0.0380859375,
7.0025510788,-0.0413016845892,-0.0142557427453,0.814975498813,-0.826416015625,0.537109375,-0.0361328125,
7.03457593918,-0.0446324656044,-0.00945941808333,0.818173048588,-0.822265625,0.54150390625,-0.031982421875,
7.06656098366,-0.0371715161303,-0.0110581929707,0.822036754565,-0.786376953125,0.568115234375,-0.036376953125,
7.07018399239,-0.0371715161303,-0.0110581929707,0.822036754565,-0.786376953125,0.568115234375,-0.036376953125,
7.13437104225,-0.0422343032735,-0.0107917304894,0.821770292084,-0.769287109375,0.6005859375,-0.035888671875,
7.13553214073,-0.0496952527476,-0.00972588056455,0.802984687158,-0.75537109375,0.6201171875,-0.03076171875,
7.16766810417,-0.0534257274847,-0.010258805527,0.79245941915,-0.737548828125,0.646484375,-0.03466796875,
7.17536997795,-0.0534257274847,-0.010258805527,0.79245941915,-0.737548828125,0.646484375,-0.03466796875,
7.20725512505,-0.0454318530481,-0.0121240428955,0.783932619751,-0.718994140625,0.672119140625,-0.0263671875,
7.23934292793,-0.0515604901162,-0.0106584992488,0.757686065351,-0.708251953125,0.705078125,-0.036865234375,
7.27147006989,-0.0492955590258,-0.00892649312089,0.760217458922,-0.689697265625,0.70361328125,-0.033203125,
7.2748670578,-0.0492955590258,-0.00892649312089,0.760217458922,-0.689697265625,0.70361328125,-0.033203125,
7.33896303177,-0.0391699847394,-0.00373047473709,0.756087290463,-0.6650390625,0.713623046875,-0.025390625,
7.34010100365,-0.0434333844389,-0.00639509954929,0.74889280347,-0.64599609375,0.751220703125,-0.03857421875,
7.35591697693,-0.0434333844389,-0.00639509954929,0.74889280347,-0.64599609375,0.751220703125,-0.03857421875,
7.38774991035,-0.049562021507,-0.0143889739859,0.746494641139,-0.628662109375,0.75390625,-0.039794921875,
7.39096903801,-0.049562021507,-0.0143889739859,0.746494641139,-0.628662109375,0.75390625,-0.039794921875,
7.42269802094,-0.0459647780105,-0.0115911179331,0.745295559974,-0.615478515625,0.7763671875,-0.021728515625,
7.45478200912,-0.047163859176,-0.00239816233098,0.733704442041,-0.58544921875,0.7890625,-0.038330078125,
7.51890206337,-0.0430336907171,-0.0151883614296,0.746228178658,-0.574462890625,0.798828125,-0.052734375,
7.52008414268,-0.044099540642,-0.00839356815845,0.748226647267,-0.5478515625,0.82470703125,-0.02392578125,
7.58431506157,-0.0425007657547,-0.00346401225587,0.75528790302,-0.521728515625,0.85400390625,-0.03515625,
7.58758807182,-0.0446324656044,-0.00852679939906,0.750624809598,-0.505615234375,0.84130859375,-0.037109375,
7.59530091286,-0.0446324656044,-0.00852679939906,0.750624809598,-0.505615234375,0.84130859375,-0.037109375,
7.62721395493,-0.044099540642,-0.00866003063967,0.762882083734,-0.47216796875,0.873046875,-0.02880859375,
7.69150996208,-0.047163859176,-0.00959264932394,0.772208270577,-0.46142578125,0.87548828125,-0.019775390625,
7.69259095192,-0.0409019908673,-0.00959264932394,0.771275651893,-0.44677734375,0.896728515625,-0.019287109375,
7.75679898262,-0.0456983155293,-0.0051960183838,0.790727413022,-0.410400390625,0.902587890625,-0.017578125,
7.75789308548,-0.0418346095516,-0.0103920367676,0.795124043962,-0.3857421875,0.90771484375,-0.032470703125,
7.82207798958,-0.0442327718826,-0.0137228177829,0.796456356368,-0.36376953125,0.912841796875,-0.028076171875,
7.82216000557,-0.0442327718826,-0.0137228177829,0.796456356368,-0.36376953125,0.912841796875,-0.028076171875,
7.83789491653,-0.0419678407922,-0.0065283307899,0.793791731556,-0.338134765625,0.93212890625,-0.009033203125,
7.86974906921,-0.0405022971455,-0.00639509954929,0.800719756068,-0.302490234375,0.95654296875,-0.01904296875,
7.90163397789,-0.0375712098521,-0.00919295560211,0.802185299714,-0.267822265625,0.951416015625,-0.024658203125,
7.93390607834,-0.0355727412429,-0.00919295560211,0.816174579978,-0.2470703125,0.95947265625,-0.015869140625,
7.96619606018,-0.0378376723333,-0.00812710567723,0.806981624376,-0.227783203125,0.9560546875,-0.00830078125,
7.99825906754,-0.0358392037242,-0.00879326188028,0.820038285956,-0.18359375,0.963623046875,-0.023193359375,
7.99939894676,-0.0358392037242,-0.00879326188028,0.820038285956,-0.18359375,0.963623046875,-0.023193359375,
