0.0584161281586,-0.0107917304894
0.0744209289551,-0.00799387443662
0.106342077255,-0.007860643196
0.13845705986,-0.00985911180516
0.202557086945,-0.00413016845892
0.266754150391,0.00799387443662
0.298799991608,0.0197182236103
0.306549072266,0.0197182236103
0.370429992676,0.030776416581
0.43440413475,0.0350398162805
0.498103141785,0.0385038285364
0.561771154404,0.0750091884636
0.561836957932,0.0855344564718
0.59333896637,0.0976584993673
0.624922990799,0.100056661698
0.688801050186,0.111914242113
0.704497098923,0.149618683205
0.736401081085,0.16800459441
0.800415992737,0.186390505614
0.832360982895,0.262199081521
0.896348953247,0.334676876413
0.928198099136,0.345868300624
0.992252111435,0.417280245591
0.995666980743,0.441261868901
1.00318312645,0.441261868901
1.06717014313,0.48895865304
1.13112998009,0.534656968569
1.14683914185,0.558105666916
1.21083712578,0.607934150905
1.24273204803,0.634713630267
1.30666613579,0.667488515457
1.37073993683,0.710788668656
1.40258312225,0.748493109748
1.43448805809,0.753689128132
1.46625614166,0.771808576855
1.53025102615,0.802451762196
1.59422898293,0.829098010318
1.6099820137,0.843087290582
1.64204597473,0.844019909266
1.67392492294,0.869467076223
1.73799395561,0.876261869494
1.80204796791,0.905572742428
1.86600804329,0.904373661262
1.89792299271,0.935949465287
1.92973613739,0.912101073218
1.96164011955,0.934750384122
2.02571296692,0.920094947654
2.08987402916,0.91916232897
2.10574698448,0.920228178895
2.13761997223,0.923159266188
2.20161509514,0.920761103857
2.21735405922,0.897179174269
2.28143501282,0.893848393254
2.31329894066,0.866402757688
2.37731409073,0.851747321221
2.39306998253,0.846018377875
2.45704197884,0.829364472799
2.52100801468,0.808846861745
2.5850610733,0.802984687158
2.58825397491,0.791526800466
2.62002205849,0.780068913773
2.68417000771,0.779935682532
2.71610307693,0.763947933659
2.78028512001,0.762882083734
2.79641103745,0.782200613623
2.86057400703,0.781134763698
2.87656593323,0.78819601945
2.9085021019,0.771941808096
2.94068598747,0.779136295089
3.0049841404,0.792192956669
3.06926298141,0.797788668774
3.0849199295,0.819505360994
3.11703109741,0.837091884754
3.14889407158,0.840955590732
3.18083310127,0.848150077725
3.24492406845,0.8775941819
3.27696108818,0.902774886375
3.30889701843,0.900243492803
3.37321400642,0.920894335098
3.38894295692,0.928355284572
3.42103600502,0.93874732134
3.48500299454,0.927022972166
3.54868912697,0.913166923143
3.61244010925,0.901042880247
3.62002015114,0.887986218667
3.65178799629,0.889185299833
3.68358111382,0.868134763816
3.74767708778,0.853745789831
3.81151509285,0.855611027199
3.82718992233,0.841222053213
3.89134597778,0.850415008815
3.89166903496,0.850415008815
3.92352795601,0.843486984304
3.98782110214,0.832029097611
4.0518579483,0.824834610618
4.08375000954,0.830430322724
4.11578798294,0.825633998062
4.17987513542,0.821637060843
4.2118370533,0.830297091483
4.2760579586,0.835626341108
4.291711092,0.840955590732
4.32398605347,0.848016846484
4.38792800903,0.858941808214
4.45200395584,0.850281777575
4.51576399803,0.851214396259
4.57973194122,0.83176263513
4.57980394363,0.81004594291
4.61127495766,0.797921900015
4.64280796051,0.779802451292
4.7070889473,0.758085759072
4.77128601074,0.729973967304
4.83549714088,0.70945635625
4.83581805229,0.70945635625
4.89989995956,0.695733538467
4.93184709549,0.678546708428
4.99633193016,0.668421134142
5.06039309502,0.688139357752
5.07639193535,0.675748852375
5.14066314697,0.68547473294
5.17265892029,0.700529863129
5.23707008362,0.716650843243
5.25298905373,0.715851455799
5.28479099274,0.738234304221
5.31680011749,0.737168454297
5.38102698326,0.766879020953
5.44518399239,0.790594181781
5.45288610458,0.784332313473
5.48502707481,0.801652374752
5.51707792282,0.814842267572
5.54929208755,0.809513017948
5.61355614662,0.813243492685
5.62943696976,0.813243492685
5.63269305229,0.813243492685
5.69667005539,0.817640123625
5.70427513123,0.828831547836
5.73620200157,0.856543645883
5.80017113686,0.889718224795
5.80028605461,0.874263400884
5.83205914497,0.901842267691
5.89603209496,0.916630935399
5.9600789547,0.945675345852
6.02426314354,0.957532926266
6.02433800697,0.966992344349
6.08813405037,0.998168454652
6.11996912956,1.0052297104
6.12009096146,1.0052297104
6.18398594856,1.02801225255
6.24797201157,1.02934456495
6.26373410225,1.03520673954
6.3277630806,1.0400030642
6.34372210503,1.03414088962
6.40766310692,1.03227565225
6.47168493271,1.03494027706
6.53567504883,1.0350735083
6.5511739254,1.02667994014
6.58314204216,1.02028484059
6.64714598656,1.03214242101
6.71120595932,1.02148392176
6.77526497841,1.03107657108
6.80712413788,1.01082542251
6.83907794952,1.01482235973
6.87082314491,1.02175038424
6.93474602699,1.01868606571
6.95048213005,1.03160949605
7.0144340992,1.03360796465
7.01457595825,1.03720520815
7.07838606834,1.05266003206
7.142359972,1.0705130183
7.20636796951,1.07690811785
7.21383500099,1.07584226793
7.24564409256,1.06678254357
7.30968904495,1.04733078244
7.37355113029,1.01189127243
7.43772602081,0.968724350477
7.5014359951,0.913699848105
7.50258708,0.900110261563
7.56623792648,0.873464013441
7.62992501259,0.845485452913
7.6936340332,0.833627872498
7.70910596848,0.83389433498
7.74088597298,0.82523430434
7.80493593216,0.835892803589
7.86893892288,0.848150077725
7.93287014961,0.852813171146
7.93294501305,0.878526800584
7.9486579895,0.878526800584
8.01270508766,0.875329250809
