0.0585570335388,0.0110581929707
0.0742599964142,0.01092496173
0.106204986572,0.01092496173
0.138286113739,0.00959264932394
0.202708005905,0.0
0.266906023026,-0.00213169984976
0.298968076706,-0.00746094947417
0.314429998398,-0.0143889739859
0.37831401825,-0.0227825421444
0.442239999771,-0.0258468606784
0.505852937698,-0.0397029097019
0.537444114685,-0.0333078101526
0.569033145905,-0.0319754977465
0.600633144379,-0.0466309342136
0.632251024246,-0.0839356815845
0.66384601593,-0.0917963247805
0.727754116058,-0.101921899067
0.743320941925,-0.120441041512
0.77515912056,-0.227026034
0.839211940765,-0.2227626343
0.903274059296,-0.306298622163
0.919000148773,-0.337474732466
0.982978105545,-0.371448698821
0.998631954193,-0.409419602395
1.00615000725,-0.439263400292
1.0705909729,-0.478433385031
1.13459992409,-0.530393568869
1.1502969265,-0.568630934925
1.21430492401,-0.589681470941
1.24618315697,-0.605136294852
1.31013894081,-0.63524655523
1.37406802177,-0.672151608879
1.40583515167,-0.699863706926
1.4377040863,-0.721047474183
1.46957993507,-0.75102450332
1.53359699249,-0.763548239937
1.59769511223,-0.78366615727
1.61346411705,-0.794990812721
1.64530706406,-0.833627872498
1.67725515366,-0.838157734679
1.74145293236,-0.842154671897
1.80552792549,-0.877061256937
1.86951208115,-0.878660031825
1.90141701698,-0.912767229421
1.93326115608,-0.912767229421
1.96511411667,-0.911834610737
2.02912998199,-0.911834610737
2.09329795837,-0.905039817465
2.10092806816,-0.900643186525
2.13279294968,-0.908104135999
2.19689512253,-0.903574273819
2.22876596451,-0.87119908235
2.29277205467,-0.856410414643
2.30851006508,-0.852013783703
2.37254714966,-0.850015315093
2.38828706741,-0.820704442159
2.45238995552,-0.822036754565
2.51647806168,-0.802851455917
2.58046603203,-0.786197550841
2.58793306351,-0.781134763698
2.61985397339,-0.767678408396
2.68399810791,-0.751157734561
2.7162771225,-0.747427259824
2.7804441452,-0.754888209298
2.79624009132,-0.75315620317
2.86075210571,-0.762882083734
2.87637710571,-0.759950996441
2.90867495537,-0.759950996441
2.94051194191,-0.771009189412
3.00486397743,-0.762748852494
3.06908893585,-0.778336907645
3.08507609367,-0.797921900015
3.11719608307,-0.800453293586
3.14904713631,-0.809646249189
3.18100595474,-0.843087290582
3.24506807327,-0.852546708665
3.2771320343,-0.860807045583
3.30906605721,-0.885454825096
3.37303709984,-0.895447168142
3.3887591362,-0.901176111488
3.42115402222,-0.90610566739
3.48490405083,-0.909836142127
3.54858493805,-0.889718224795
3.61252808571,-0.885454825096
3.61992812157,-0.879992344231
3.65169405937,-0.856277183402
3.68348503113,-0.850015315093
3.74752092361,-0.841754978176
3.81169605255,-0.836558959792
3.82734513283,-0.821503829603
3.89155101776,-0.824568148137
3.89176797867,-0.827099541708
3.92371106148,-0.827099541708
3.98766613007,-0.80991271167
4.05200910568,-0.799787137383
4.08390593529,-0.798454824977
4.11566495895,-0.798321593737
4.18003201485,-0.784465544713
4.2120039463,-0.801918837233
4.27594614029,-0.765946402268
4.29180693626,-0.79898774994
4.32382202148,-0.816973967422
4.3880879879,-0.817640123625
4.45187711716,-0.835493109867
4.51566910744,-0.798454824977
4.57955408096,-0.813643186407
4.57964015007,-0.804050537083
4.61118102074,-0.804050537083
4.64289593697,-0.78153445742
4.70690703392,-0.760750383885
4.77110314369,-0.741032160274
4.83571600914,-0.71398621843
4.8358900547,-0.699996938166
4.89975500107,-0.685741195421
4.93201899529,-0.660160797224
4.99618411064,-0.66375804072
5.06056308746,-0.666156203051
5.07625198364,-0.671618683916
5.14047598839,-0.666955590495
5.17282009125,-0.683609495571
5.23690414429,-0.68760643279
5.25282597542,-0.692535988692
5.28496813774,-0.692535988692
5.31696605682,-0.724511486439
5.38124513626,-0.72491118016
5.44534802437,-0.74236447268
5.45304894447,-0.758218990313
5.48517203331,-0.774739664149
5.51724696159,-0.779535988811
5.54913711548,-0.793658500315
5.61340594292,-0.801519143511
5.62926197052,-0.813376723926
5.63063001633,-0.810445636632
5.69462108612,-0.813643186407
5.70211005211,-0.821237367122
5.73403811455,-0.844686065469
5.79817295074,-0.851880552462
5.79829597473,-0.866136295207
5.82991194725,-0.87546248205
5.89384198189,-0.893981624495
5.95785093307,-0.912367535699
6.0218911171,-0.92795559085
6.02514505386,-0.968191425515
6.08924913406,-0.969124044199
6.12109804153,-0.972987750177
6.12121796608,-0.97805053732
6.18509507179,-0.982047474538
6.24921798706,-0.990574273937
6.26493215561,-0.988575805328
6.32899212837,-0.996036754802
6.34454607964,-1.01482235973
6.40867400169,-0.998434917133
6.47265100479,-1.00842726018
6.5366461277,-1.00269831683
6.5443880558,-0.990840736418
6.60821914673,-0.947673814461
6.6401309967,-0.943543646002
6.70412611961,-0.944609495927
6.76820993423,-0.949938745551
6.83207607269,-0.993105667509
6.83540606499,-0.991906586343
6.89934110641,-0.983513018185
6.9311671257,-0.990574273937
6.96300697327,-0.991773355103
6.9947810173,-1.00283154807
7.02666497231,-1.00283154807
7.09059500694,-1.03800459559
7.15460705757,-1.02681317138
7.18646812439,-1.05012863849
7.21835899353,-1.04186830157
7.2501809597,-1.03520673954
7.3142850399,-1.03547320202
7.37828993797,-1.00309801055
7.44239592552,-0.959931088597
7.47378396988,-0.915565085474
7.50534009933,-0.917963247805
7.56904196739,-0.877061256937
7.63274407387,-0.855477795958
7.69644212723,-0.823235835731
7.70381402969,-0.811378255316
7.76769208908,-0.823635529453
7.79958105087,-0.817373661144
7.86360692978,-0.821104135881
7.92757797241,-0.840822359491
7.93516802788,-0.835093416145
7.94273900986,-0.835626341108
8.00673699379,-0.854012252312
