0.0274798870087,-0.0269127106033,-0.0111914242113,-0.00839356815845,-0.410400390625,0.903564453125,-0.017333984375,
0.0288000106812,-0.0274456355657,-0.00959264932394,-0.00945941808333,-0.4072265625,0.8974609375,-0.021240234375,
0.0929679870605,-0.029044410453,-0.00759418071478,-0.0103920367676,-0.4140625,0.8994140625,-0.02880859375,
0.0931239128113,-0.0295773354155,-0.00426339969953,-0.00959264932394,-0.410400390625,0.89306640625,-0.02294921875,
0.100424051285,-0.0295773354155,-0.00426339969953,-0.00959264932394,-0.410400390625,0.89306640625,-0.02294921875,
0.132390975952,-0.0274456355657,-0.00719448699295,-0.0118575804143,-0.403076171875,0.89990234375,-0.021240234375,
0.164254903793,-0.0281117917688,-0.00759418071478,-0.0118575804143,-0.408935546875,0.8935546875,-0.02294921875,
0.179790973663,-0.0281117917688,-0.00759418071478,-0.0118575804143,-0.408935546875,0.8935546875,-0.02294921875,
0.211881875992,-0.0291776416936,-0.00892649312089,-0.00919295560211,-0.40771484375,0.897705078125,-0.019775390625,
0.244145870209,-0.029044410453,-0.00932618684272,-0.00719448699295,-0.41162109375,0.898681640625,-0.018798828125,
0.276571989059,-0.0273124043251,-0.00919295560211,-0.0107917304894,-0.41015625,0.894775390625,-0.021240234375,
0.308326005936,-0.0257136294378,-0.0101255742864,-0.00226493109037,-0.40673828125,0.90283203125,-0.01904296875,
0.308431863785,-0.0257136294378,-0.0101255742864,-0.00226493109037,-0.40673828125,0.90283203125,-0.01904296875,
0.340219020844,-0.0263797856408,-0.00719448699295,0.0,-0.415283203125,0.89599609375,-0.020263671875,
0.372452974319,-0.0266462481221,-0.00599540582746,0.00559571210563,-0.407470703125,0.89599609375,-0.0244140625,
0.404487848282,-0.0243813170317,-0.00999234304577,0.0118575804143,-0.41162109375,0.8955078125,-0.031005859375,
0.405586957932,-0.0243813170317,-0.00999234304577,0.0118575804143,-0.41162109375,0.8955078125,-0.031005859375,
0.469805955887,-0.0275788668063,-0.00985911180516,0.0178529862418,-0.407958984375,0.901611328125,-0.028076171875,
0.47095489502,-0.0287779479718,-0.00639509954929,0.0277120980469,-0.41552734375,0.89013671875,-0.023681640625,
0.502815008163,-0.0285114854906,-0.00666156203051,0.0508943339131,-0.4169921875,0.899658203125,-0.026611328125,
0.534870862961,-0.023581929588,-0.0141225115047,0.0790061256819,-0.40673828125,0.897216796875,-0.02392578125,
0.566658973694,-0.0275788668063,-0.0134563553016,0.0965926494424,-0.4052734375,0.8984375,-0.02880859375,
0.574599981308,-0.0275788668063,-0.0134563553016,0.0965926494424,-0.4052734375,0.8984375,-0.02880859375,
0.606714010239,-0.0267794793627,-0.00759418071478,0.111647779631,-0.3818359375,0.903076171875,-0.0166015625,
0.638484954834,-0.0221163859413,-0.0113246554519,0.132831546888,-0.39892578125,0.89599609375,-0.023681640625,
0.670917987823,-0.0298437978967,-0.012656967858,0.148019908318,-0.39306640625,0.913818359375,-0.026123046875,
0.678335905075,-0.0298437978967,-0.012656967858,0.148019908318,-0.39306640625,0.913818359375,-0.026123046875,
0.710793018341,-0.0298437978967,-0.0111914242113,0.153482389183,-0.384033203125,0.892578125,-0.018798828125,
0.742660045624,-0.025980091919,-0.0107917304894,0.187589586779,-0.3984375,0.899169921875,-0.023193359375,
0.774309873581,-0.033174578912,-0.0202511485728,0.199180704712,-0.36474609375,0.928955078125,-0.026611328125,
0.782029867172,-0.033174578912,-0.0202511485728,0.199180704712,-0.36474609375,0.928955078125,-0.026611328125,
0.813983917236,-0.0219831547007,-0.0265130168814,0.236218989602,-0.350830078125,0.91357421875,-0.030029296875,
0.845995903015,-0.0217166922195,-0.02837825425,0.248343032498,-0.3623046875,0.911376953125,-0.0224609375,
0.878033876419,-0.020517611054,-0.0317090352652,0.273124043251,-0.34912109375,0.928955078125,-0.0283203125,
0.881808996201,-0.020517611054,-0.0317090352652,0.273124043251,-0.34912109375,0.928955078125,-0.0283203125,
0.913460016251,-0.0242480857911,-0.0313093415434,0.288312404681,-0.34521484375,0.935791015625,-0.027099609375,
0.945494890213,-0.0250474732347,-0.00866003063967,0.296439510358,-0.33056640625,0.9541015625,-0.00830078125,
0.977613925934,-0.0374379786115,-0.00679479327112,0.311494640547,-0.313232421875,0.95556640625,-0.0224609375,
0.985328912735,-0.0374379786115,-0.00679479327112,0.311494640547,-0.313232421875,0.95556640625,-0.0224609375,
1.01755785942,-0.0302434916185,-0.0207840735352,0.347333844271,-0.296630859375,0.93994140625,-0.0166015625,
1.04935383797,-0.0258468606784,-0.0325084227089,0.385704441567,-0.31005859375,0.9296875,-0.012939453125,
1.08116698265,-0.0309096478216,-0.0302434916185,0.396895865778,-0.32275390625,0.9453125,-0.007080078125,
1.08901596069,-0.0309096478216,-0.0302434916185,0.396895865778,-0.32275390625,0.9453125,-0.007080078125,
1.12085390091,-0.0301102603779,-0.0185191424448,0.413150077132,-0.304443359375,0.943115234375,-0.003173828125,
1.15260505676,-0.0287779479718,-0.0202511485728,0.447923430932,-0.27685546875,0.95361328125,-0.005859375,
1.18520784378,-0.0310428790622,-0.0213169984976,0.464843798489,-0.257080078125,0.963623046875,-0.016357421875,
1.18831706047,-0.0310428790622,-0.0213169984976,0.464843798489,-0.257080078125,0.963623046875,-0.016357421875,
1.22036886215,-0.0282450230094,-0.0198514548509,0.473104135407,-0.22998046875,0.9619140625,-0.0224609375,
1.25309586525,-0.0373047473709,-0.0221163859413,0.48682695319,-0.2080078125,0.980712890625,-0.01611328125,
1.28484106064,-0.0350398162805,-0.0169203675575,0.499217458567,-0.176025390625,0.979248046875,-0.00537109375,
1.29229688644,-0.0350398162805,-0.0169203675575,0.499217458567,-0.176025390625,0.979248046875,-0.00537109375,
1.3243689537,-0.0313093415434,-0.0143889739859,0.525730475448,-0.176513671875,0.9765625,-0.019775390625,
1.35656285286,-0.0321087289871,-0.0201179173321,0.556506892029,-0.16748046875,0.97802734375,-0.017822265625,
1.38836884499,-0.0309096478216,-0.0253139357159,0.579289434173,-0.14990234375,0.9765625,-0.020751953125,
1.39550304413,-0.0309096478216,-0.0253139357159,0.579289434173,-0.14990234375,0.9765625,-0.020751953125,
1.42720198631,-0.0317090352652,-0.031442572784,0.616860644025,-0.1181640625,0.984130859375,-0.021484375,
1.45910096169,-0.0297105666561,-0.0261133231596,0.626986218312,-0.09814453125,0.9990234375,-0.01953125,
1.49115204811,-0.0354395100023,-0.0341071975962,0.657496172412,-0.067626953125,0.986083984375,-0.02490234375,
1.49885797501,-0.0354395100023,-0.0341071975962,0.657496172412,-0.067626953125,0.986083984375,-0.02490234375,
1.53093004227,-0.0291776416936,-0.0291776416936,0.672551302601,-0.051025390625,0.97705078125,-0.031005859375,
1.56275606155,-0.0317090352652,-0.0317090352652,0.700263400647,-0.0224609375,0.99951171875,-0.026611328125,
1.59486198425,-0.0333078101526,-0.0345068913181,0.718915774333,0.008544921875,0.98779296875,-0.0234375,
1.59856987,-0.0333078101526,-0.0345068913181,0.718915774333,0.008544921875,0.98779296875,-0.0234375,
1.63030695915,-0.0346401225587,-0.0411684533486,0.743696785086,0.021240234375,0.994873046875,-0.0205078125,
1.6459839344,-0.0346401225587,-0.0411684533486,0.743696785086,0.021240234375,0.994873046875,-0.0205078125,
1.70980906487,-0.0430336907171,-0.0409019908673,0.770476264449,0.044677734375,0.990966796875,-0.002685546875,
1.71318292618,-0.0342404288368,-0.0371715161303,0.786996938285,0.083740234375,0.97509765625,-0.021484375,
1.74479198456,-0.0345068913181,-0.0427672282359,0.798721287458,0.1201171875,0.997802734375,-0.0166015625,
1.75237107277,-0.0345068913181,-0.0427672282359,0.798721287458,0.1201171875,0.997802734375,-0.0166015625,
1.78426194191,-0.0446324656044,-0.0366385911678,0.820171517197,0.140380859375,0.98876953125,-0.013427734375,
1.8163599968,-0.0381041348145,-0.0363721286866,0.823635529453,0.166748046875,0.98193359375,-0.01611328125,
1.84834194183,-0.0383705972958,-0.0321087289871,0.828831547836,0.213134765625,0.974365234375,-0.020263671875,
1.88047599792,-0.0365053599272,-0.0365053599272,0.838557428401,0.225341796875,0.9658203125,-0.020263671875,
1.94462394714,-0.0401026034237,-0.0254471669566,0.82523430434,0.265625,0.969482421875,-0.01171875,
1.94467496872,-0.0401026034237,-0.0254471669566,0.82523430434,0.265625,0.969482421875,-0.01171875,
1.95212507248,-0.0390367534988,-0.031442572784,0.843886678025,0.296142578125,0.948974609375,-0.008544921875,
1.98405385017,-0.0397029097019,-0.0358392037242,0.840289434529,0.319580078125,0.947509765625,-0.00634765625,
2.01575303078,-0.0430336907171,-0.0350398162805,0.84481929671,0.3466796875,0.942138671875,-0.016845703125,
2.04789590836,-0.0418346095516,-0.0294441041749,0.844019909266,0.370849609375,0.932861328125,-0.01171875,
2.07977104187,-0.0439663094014,-0.0337075038744,0.851081165018,0.3896484375,0.91015625,-0.019775390625,
2.1111779213,-0.0409019908673,-0.0310428790622,0.84268759686,0.424072265625,0.900146484375,-0.02001953125,
2.11905884743,-0.0409019908673,-0.0310428790622,0.84268759686,0.424072265625,0.900146484375,-0.02001953125,
2.15064001083,-0.044099540642,-0.0262465544002,0.850015315093,0.46142578125,0.88916015625,-0.010498046875,
2.18257689476,-0.0486294028227,-0.0310428790622,0.859474733177,0.46044921875,0.87255859375,-0.02001953125,
2.21422791481,-0.0459647780105,-0.0357059724835,0.849882083853,0.501708984375,0.87060546875,-0.021484375,
2.22175097466,-0.0459647780105,-0.0357059724835,0.849882083853,0.501708984375,0.87060546875,-0.021484375,
2.25358486176,-0.0458315467699,-0.0377044410927,0.869600307463,0.513916015625,0.84814453125,-0.01953125,
2.28547096252,-0.0479632466197,-0.0355727412429,0.864670751561,0.533203125,0.836669921875,-0.006591796875,
2.31734490395,-0.0459647780105,-0.0354395100023,0.866935682651,0.5888671875,0.818359375,-0.010986328125,
2.32486796379,-0.0459647780105,-0.0354395100023,0.866935682651,0.5888671875,0.818359375,-0.010986328125,
2.35688900948,-0.0590214395903,-0.0539586524472,0.880392037953,0.58642578125,0.886962890625,-0.0146484375,
2.38880801201,-0.0580888209061,-0.049562021507,0.888785606111,0.59130859375,0.774169921875,-0.008056640625,
2.42061305046,-0.0524931088004,-0.0277120980469,0.904640123744,0.6826171875,0.76123046875,-0.016357421875,
2.4281680584,-0.0524931088004,-0.0277120980469,0.904640123744,0.6826171875,0.76123046875,-0.016357421875,
2.45988988876,-0.0479632466197,-0.046497702973,0.929421134497,0.6826171875,0.753662109375,-0.00830078125,
2.49185991287,-0.0588882083497,-0.0342404288368,0.958732007431,0.6796875,0.70849609375,-0.014404296875,
2.52377605438,-0.0567565085,-0.0322419602277,0.981914243298,0.7080078125,0.7197265625,-0.01025390625,
2.52700901031,-0.0567565085,-0.0322419602277,0.981914243298,0.7080078125,0.7197265625,-0.01025390625,
2.55889391899,-0.0430336907171,-0.0460980092511,0.989641655253,0.73828125,0.672607421875,-0.012451171875,
2.59077787399,-0.0566232772594,-0.0342404288368,1.01948545315,0.7724609375,0.63818359375,-0.016845703125,
2.62268090248,-0.0582220521467,-0.0454318530481,1.04813016988,0.788818359375,0.62548828125,-0.0224609375,
2.63010692596,-0.0582220521467,-0.0454318530481,1.04813016988,0.788818359375,0.62548828125,-0.0224609375,
2.66208004951,-0.0564900460187,-0.0407687596267,1.057056663,0.814208984375,0.62060546875,-0.018798828125,
2.69410896301,-0.0504946401913,-0.0353062787617,1.06638284984,0.8134765625,0.55859375,-0.008056640625,
2.72591805458,-0.0522266463192,-0.0345068913181,1.08436906733,0.8583984375,0.5380859375,-0.013671875,
2.73336291313,-0.0522266463192,-0.0345068913181,1.08436906733,0.8583984375,0.5380859375,-0.013671875,
2.76528286934,-0.0515604901162,-0.0381041348145,1.07437672428,0.86474609375,0.4814453125,-0.015380859375,
2.79706287384,-0.0627519143274,-0.0261133231596,1.08943185447,0.913330078125,0.462890625,-0.018798828125,
2.82885503769,-0.0539586524472,-0.0446324656044,1.07624196165,0.9091796875,0.42919921875,-0.007080078125,
2.83623290062,-0.0539586524472,-0.0446324656044,1.07624196165,0.9091796875,0.42919921875,-0.007080078125,
2.86826086044,-0.0678147014706,-0.0249142419941,1.07251148691,0.9208984375,0.402587890625,-0.020263671875,
2.9001159668,-0.0539586524472,-0.0394364472206,1.06331853131,0.958740234375,0.3798828125,-0.01708984375,
2.93226194382,-0.0560903522969,-0.0278453292875,1.05892190037,0.93017578125,0.319580078125,-0.01708984375,
2.94004702568,-0.0560903522969,-0.0278453292875,1.05892190037,0.93017578125,0.319580078125,-0.01708984375,
3.0039100647,-0.0608866769589,-0.0135895865422,1.03214242101,0.988037109375,0.25341796875,-0.027587890625,
3.0360019207,-0.0590214395903,-0.0335742726338,1.02548085898,0.983154296875,0.224609375,-0.023681640625,
3.03606295586,-0.0590214395903,-0.0335742726338,1.02548085898,0.983154296875,0.224609375,-0.023681640625,
3.0678858757,-0.0619525268838,-0.0171868300387,1.01468912849,1.0009765625,0.203369140625,-0.0263671875,
3.13203287125,-0.0551577336126,-0.0219831547007,1.00869372266,0.989990234375,0.153564453125,-0.02783203125,
3.13209104538,-0.0551577336126,-0.0219831547007,1.00869372266,0.989990234375,0.153564453125,-0.02783203125,
3.13218307495,-0.0551577336126,-0.0219831547007,1.00869372266,0.989990234375,0.153564453125,-0.02783203125,
3.19593787193,-0.0548912711314,-0.0306431853404,1.00203216063,0.9912109375,0.114501953125,-0.026123046875,
3.19919490814,-0.0627519143274,-0.0237151608286,0.989641655253,1.00146484375,0.06396484375,-0.030517578125,
3.26345086098,-0.0612863706807,-0.0427672282359,0.983779480666,1.015625,0.011962890625,-0.0068359375,
3.26459002495,-0.0486294028227,-0.00586217458685,0.989241961531,1.0458984375,-0.006103515625,-0.036865234375,
3.29679298401,-0.0486294028227,-0.00586217458685,0.989241961531,1.0458984375,-0.006103515625,-0.036865234375,
3.29702496529,-0.0486294028227,-0.00586217458685,0.989241961531,1.0458984375,-0.006103515625,-0.036865234375,
3.3288769722,-0.0539586524472,-0.0329081164307,0.980448699651,0.980224609375,-0.072998046875,-0.039306640625,
3.33007192612,-0.0539586524472,-0.0329081164307,0.980448699651,0.980224609375,-0.072998046875,-0.039306640625,
3.39442706108,-0.0582220521467,-0.0185191424448,1.00736141025,1.0283203125,-0.093017578125,-0.02685546875,
3.39544701576,-0.0682143951925,-0.0242480857911,1.00776110398,1.00537109375,-0.125732421875,-0.021484375,
3.41137194633,-0.0682143951925,-0.0242480857911,1.00776110398,1.00537109375,-0.125732421875,-0.021484375,
3.44311785698,-0.0694134763579,-0.0267794793627,0.999234304577,0.99951171875,-0.1728515625,-0.031494140625,
3.47500896454,-0.0580888209061,-0.0125237366174,1.02374885285,1.00268554688,-0.20068359375,-0.026611328125,
3.50766396523,-0.0658162328615,-0.0219831547007,1.0265467089,0.96337890625,-0.248291015625,-0.03369140625,
3.50772094727,-0.0658162328615,-0.0219831547007,1.0265467089,0.96337890625,-0.248291015625,-0.03369140625,
3.53924393654,-0.0578223584249,-0.0103920367676,1.04666462623,1.02612304688,-0.28857421875,-0.046875,
3.57132697105,-0.070079632561,-0.01092496173,1.04226799529,0.953369140625,-0.299560546875,-0.01806640625,
3.60328102112,-0.0436998469202,-0.0295773354155,1.05812251293,0.96630859375,-0.342041015625,-0.032958984375,
3.6108288765,-0.0436998469202,-0.0295773354155,1.05812251293,0.96630859375,-0.342041015625,-0.032958984375,
3.64274001122,-0.0634180705305,-0.0137228177829,1.05785605045,0.9189453125,-0.39697265625,-0.03564453125,
3.67502093315,-0.0523598775598,-0.0223828484225,1.0662496186,0.947265625,-0.403564453125,-0.04150390625,
3.70694589615,-0.055024502372,-0.0159877488732,1.07064624954,0.8701171875,-0.49169921875,-0.044677734375,
3.71481084824,-0.055024502372,-0.0159877488732,1.07064624954,0.8701171875,-0.49169921875,-0.044677734375,
3.74679589272,-0.0672817765082,-0.0147886677077,1.0777075053,0.921875,-0.44873046875,-0.043701171875,
3.77902293205,-0.044765696845,-0.0221163859413,1.06838131845,0.83203125,-0.553466796875,-0.02880859375,
3.81118893623,-0.0764747321103,-0.00546248086502,1.0698468621,0.896728515625,-0.505615234375,-0.041015625,
3.81477499008,-0.0764747321103,-0.00546248086502,1.0698468621,0.896728515625,-0.505615234375,-0.041015625,
3.84657287598,-0.0343736600774,-0.0334410413932,1.06451761248,0.802490234375,-0.597900390625,-0.050048828125,
3.87881493568,-0.0778070445164,0.00759418071478,1.05545788811,0.818603515625,-0.61767578125,-0.04052734375,
3.91046285629,-0.0395696784612,-0.025980091919,1.04986217601,0.796142578125,-0.6171875,-0.04296875,
3.91819787025,-0.0395696784612,-0.025980091919,1.04986217601,0.796142578125,-0.6171875,-0.04296875,
3.95019698143,-0.0702128638016,0.00839356815845,1.03960337048,0.744873046875,-0.70166015625,-0.041259765625,
3.98197889328,-0.0563568147781,-0.0241148545505,1.03041041488,0.761962890625,-0.652587890625,-0.043212890625,
4.01393198967,-0.0536921899659,-0.00506278714319,1.02241654044,0.71435546875,-0.713623046875,-0.0478515625,
4.02109193802,-0.0536921899659,-0.00506278714319,1.02241654044,0.71435546875,-0.713623046875,-0.0478515625,
4.05307388306,-0.0515604901162,-0.0258468606784,1.02268300292,0.698974609375,-0.746826171875,-0.04248046875,
4.08529806137,-0.0570229709812,-0.000799387443662,1.00935987886,0.6533203125,-0.759765625,-0.03955078125,
4.11716985703,-0.0555574273345,-0.0186523736854,1.00163246691,0.625,-0.7958984375,-0.047119140625,
4.12065505981,-0.0555574273345,-0.0186523736854,1.00163246691,0.625,-0.7958984375,-0.047119140625,
4.15285301208,-0.0516937213568,-0.00213169984976,1.00309801055,0.636474609375,-0.806396484375,-0.0498046875,
4.18453502655,-0.0551577336126,-0.00959264932394,0.984978561832,0.57666015625,-0.811767578125,-0.039306640625,
4.21643590927,-0.0411684533486,-0.0173200612793,0.985644718035,0.562255859375,-0.857666015625,-0.050048828125,
4.22372984886,-0.0411684533486,-0.0173200612793,0.985644718035,0.562255859375,-0.857666015625,-0.050048828125,
4.25566506386,-0.0455650842887,-0.0125237366174,1.00363093552,0.540771484375,-0.847900390625,-0.056640625,
4.2875919342,-0.057422664703,-0.00639509954929,0.993238898749,0.4833984375,-0.89111328125,-0.051025390625,
4.31963801384,-0.0452986218075,-0.0117243491737,0.994437979915,0.470458984375,-0.90380859375,-0.03759765625,
4.32722401619,-0.0452986218075,-0.0117243491737,0.994437979915,0.470458984375,-0.90380859375,-0.03759765625,
4.35933899879,-0.0500949464695,-0.00626186830868,0.99550382984,0.436279296875,-0.9169921875,-0.052734375,
4.39148902893,-0.0523598775598,-0.0122572741361,0.993238898749,0.4111328125,-0.930908203125,-0.048583984375,
4.42360496521,-0.0443660031232,-0.0130566615798,0.998434917133,0.379638671875,-0.936767578125,-0.052001953125,
4.43127393723,-0.0443660031232,-0.0130566615798,0.998434917133,0.379638671875,-0.936767578125,-0.052001953125,
4.46329498291,-0.0491623277852,-0.0051960183838,1.00083307946,0.343994140625,-0.947998046875,-0.05224609375,
4.4955060482,-0.0389035222582,-0.0151883614296,1.0094931101,0.295166015625,-0.972900390625,-0.055908203125,
4.52733898163,-0.0475635528979,-0.00506278714319,1.00989280383,0.288818359375,-0.957275390625,-0.051025390625,
4.5305929184,-0.0475635528979,-0.00506278714319,1.00989280383,0.288818359375,-0.957275390625,-0.051025390625,
4.56241893768,-0.0434333844389,-0.0143889739859,1.01042572879,0.2392578125,-0.995361328125,-0.05908203125,
4.59457802773,-0.033174578912,-0.00839356815845,1.01828637198,0.219482421875,-0.994873046875,-0.0478515625,
4.62684798241,-0.0422343032735,-0.00626186830868,1.02334915913,0.177734375,-0.98876953125,-0.0546875,
4.63437795639,-0.0422343032735,-0.00626186830868,1.02334915913,0.177734375,-0.98876953125,-0.0546875,
4.66608190536,-0.0399693721831,-0.00892649312089,1.0222833092,0.144287109375,-1.0126953125,-0.056640625,
4.69778800011,-0.0355727412429,-0.00253139357159,1.03627258947,0.097900390625,-0.9970703125,-0.05859375,
4.7299349308,-0.0403690659049,-0.00626186830868,1.03667228319,0.082275390625,-0.99267578125,-0.056884765625,
4.73752498627,-0.0403690659049,-0.00626186830868,1.03667228319,0.082275390625,-0.99267578125,-0.056884765625,
4.76956391335,-0.0365053599272,-0.00892649312089,1.0350735083,0.024169921875,-1.01123046875,-0.062255859375,
4.80148291588,-0.0407687596267,-0.00479632466197,1.04959571353,0.008056640625,-1.00927734375,-0.056396484375,
4.83350801468,-0.0322419602277,-0.0118575804143,1.0442664639,-0.045166015625,-1.01733398438,-0.044677734375,
4.84116697311,-0.0322419602277,-0.0118575804143,1.0442664639,-0.045166015625,-1.01733398438,-0.044677734375,
4.87349796295,-0.0423675345141,-0.00612863706807,1.03214242101,-0.0732421875,-0.987060546875,-0.059814453125,
4.90525603294,-0.0311761103028,-0.0121240428955,1.03294180845,-0.1318359375,-1.01831054688,-0.0595703125,
4.93726587296,-0.0382373660551,-0.00852679939906,1.0265467089,-0.149658203125,-0.975341796875,-0.063232421875,
4.94079899788,-0.0382373660551,-0.00852679939906,1.0265467089,-0.149658203125,-0.975341796875,-0.063232421875,
4.97239685059,-0.0317090352652,-0.00599540582746,1.02494793401,-0.190673828125,-1.00317382812,-0.057861328125,
5.00428390503,-0.0282450230094,-0.0170535987981,1.03880398304,-0.187255859375,-0.9814453125,-0.046875,
5.03624296188,-0.0387702910176,-0.0182526799636,1.03600612699,-0.281005859375,-0.96533203125,-0.056396484375,
5.04407405853,-0.0387702910176,-0.0182526799636,1.03600612699,-0.281005859375,-0.96533203125,-0.056396484375,
5.07570791245,-0.0397029097019,-0.0278453292875,1.03067687736,-0.315673828125,-0.951416015625,-0.064208984375,
5.10766887665,-0.0261133231596,-0.00812710567723,1.01748698454,-0.32373046875,-0.9375,-0.061767578125,
5.13974499702,-0.0275788668063,-0.0129234303392,1.0209509968,-0.385986328125,-0.9521484375,-0.0654296875,
5.14770388603,-0.0275788668063,-0.0129234303392,1.0209509968,-0.385986328125,-0.9521484375,-0.0654296875,
5.1798119545,-0.0345068913181,-0.0013323124061,1.0094931101,-0.37255859375,-0.917236328125,-0.055419921875,
5.21162390709,-0.0295773354155,-0.0121240428955,0.992173048825,-0.423583984375,-0.928955078125,-0.0478515625,
5.24345898628,-0.0315758040246,-0.0119908116549,1.00083307946,-0.449951171875,-0.89697265625,-0.06982421875,
5.24685406685,-0.0315758040246,-0.0119908116549,1.00083307946,-0.449951171875,-0.89697265625,-0.06982421875,
5.27847385406,-0.0354395100023,-0.00586217458685,0.988176111606,-0.47705078125,-0.86865234375,-0.07177734375,
5.31037902832,-0.0249142419941,-0.0139892802641,0.993105667509,-0.53466796875,-0.8603515625,-0.06689453125,
5.3421869278,-0.0293108729343,-0.0121240428955,1.00189892939,-0.532470703125,-0.84228515625,-0.06396484375,
5.34977006912,-0.0293108729343,-0.0121240428955,1.00189892939,-0.532470703125,-0.84228515625,-0.06396484375,
5.41391086578,-0.0267794793627,-0.00866003063967,0.995903523562,-0.5693359375,-0.830078125,-0.05712890625,
5.41487193108,-0.0291776416936,-0.0202511485728,0.994304748674,-0.60595703125,-0.80908203125,-0.05908203125,
5.47891306877,-0.0323751914683,-0.0127901990986,0.987909649125,-0.6298828125,-0.777099609375,-0.050537109375,
5.47895598412,-0.0323751914683,-0.0127901990986,0.987909649125,-0.6298828125,-0.777099609375,-0.050537109375,
5.47895789146,-0.0323751914683,-0.0127901990986,0.987909649125,-0.6298828125,-0.777099609375,-0.050537109375,
5.5429148674,-0.0195849923697,-0.0193185298885,0.990973967659,-0.683349609375,-0.7587890625,-0.05908203125,
5.54616999626,-0.02837825425,-0.0101255742864,0.97805053732,-0.672119140625,-0.721923828125,-0.059814453125,
5.61047291756,-0.0226493109037,-0.0147886677077,0.971388975289,-0.727294921875,-0.69580078125,-0.056884765625,
5.6115219593,-0.0239816233098,-0.0123905053768,0.967525269312,-0.7431640625,-0.6455078125,-0.052734375,
5.67558383942,-0.0347733537993,-0.013323124061,0.961929557206,-0.722900390625,-0.622802734375,-0.052490234375,
5.67568898201,-0.0347733537993,-0.013323124061,0.961929557206,-0.722900390625,-0.622802734375,-0.052490234375,
5.69153785706,-0.0191852986479,-0.0149218989483,0.941411946152,-0.788330078125,-0.64208984375,-0.05322265625,
5.7234108448,-0.0226493109037,-0.0190520674073,0.931819296828,-0.812744140625,-0.58984375,-0.0537109375,
5.75542092323,-0.0233154671068,-0.0895313936901,0.928888209535,-0.859375,-0.57470703125,-0.205322265625,
5.7873749733,-0.0398361409425,0.00599540582746,0.923958653632,-0.8544921875,-0.543701171875,-0.0380859375,
5.81943202019,-0.0329081164307,-0.0134563553016,0.932751915512,-0.766357421875,-0.48388671875,-0.041748046875,
5.8513379097,-0.0107917304894,-0.0366385911678,0.917963247805,-0.89453125,-0.502685546875,-0.0771484375,
5.85489106178,-0.0107917304894,-0.0366385911678,0.917963247805,-0.89453125,-0.502685546875,-0.0771484375,
5.88679599762,-0.015721286392,-0.0151883614296,0.910235835849,-0.91748046875,-0.447509765625,-0.0478515625,
5.91856598854,-0.0239816233098,-0.0166539050763,0.909702910887,-0.89111328125,-0.403564453125,-0.065185546875,
5.9827940464,-0.0262465544002,-0.0294441041749,0.924225116113,-0.908447265625,-0.407958984375,-0.08251953125,
5.98300886154,-0.0262465544002,-0.0294441041749,0.924225116113,-0.908447265625,-0.407958984375,-0.08251953125,
5.99851202965,-0.0186523736854,-0.0315758040246,0.914232773068,-0.969482421875,-0.376220703125,-0.059814453125,
6.03058195114,-0.0183859112042,-0.0159877488732,0.907038286075,-0.98583984375,-0.3046875,-0.04638671875,
6.06267499924,-0.0249142419941,-0.0161209801138,0.91703062912,-0.926513671875,-0.309326171875,-0.041259765625,
6.06593990326,-0.0249142419941,-0.0161209801138,0.91703062912,-0.926513671875,-0.309326171875,-0.041259765625,
6.09802603722,-0.0249142419941,-0.0161209801138,0.91703062912,-0.926513671875,-0.309326171875,-0.041259765625,
6.09808206558,-0.0249142419941,-0.0161209801138,0.91703062912,-0.926513671875,-0.309326171875,-0.041259765625,
6.12973594666,-0.0241148545505,-0.0270459418439,0.917430322842,-0.943603515625,-0.30029296875,-0.05322265625,
6.16153001785,-0.0189188361667,-0.0221163859413,0.933151609234,-0.945556640625,-0.21923828125,-0.0458984375,
6.19359302521,-0.0195849923697,-0.0129234303392,0.936349159009,-0.95849609375,-0.213134765625,-0.05859375,
6.2577278614,-0.00666156203051,-0.0214502297383,0.93888055258,-0.9970703125,-0.161865234375,-0.045654296875,
6.25781297684,-0.0243813170317,-0.0146554364671,0.946341502055,-1.00439453125,-0.08056640625,-0.04638671875,
6.26567792892,-0.0243813170317,-0.0146554364671,0.946341502055,-1.00439453125,-0.08056640625,-0.04638671875,
6.29747104645,-0.0366385911678,-0.0151883614296,0.942744258558,-0.9619140625,-0.087158203125,-0.046630859375,
6.32935190201,-0.00812710567723,-0.0287779479718,0.950071976792,-0.98291015625,-0.0830078125,-0.064697265625,
6.36168885231,-0.00852679939906,-0.0191852986479,0.959664626116,-0.996826171875,-0.01904296875,-0.050048828125,
6.36504101753,-0.00852679939906,-0.0191852986479,0.959664626116,-0.996826171875,-0.01904296875,-0.050048828125,
6.38133001328,-0.00852679939906,-0.0191852986479,0.959664626116,-0.996826171875,-0.01904296875,-0.050048828125,
6.41317296028,-0.0315758040246,-0.0166539050763,0.960996938522,-0.975830078125,0.041748046875,-0.049560546875,
6.44530391693,-0.0107917304894,-0.0113246554519,0.971788669011,-0.962158203125,0.01611328125,-0.043212890625,
6.47733592987,-0.0162542113545,-0.029044410453,0.984445636869,-0.994873046875,0.091552734375,-0.04345703125,
6.5089609623,-0.0158545176326,-0.0253139357159,0.985644718035,-1.01147460938,0.124755859375,-0.0517578125,
6.54099988937,-0.0230490046256,-0.0207840735352,0.983379786944,-0.959716796875,0.17041015625,-0.028076171875,
6.57290005684,-0.0281117917688,-0.0409019908673,0.994970904877,-0.983642578125,0.197021484375,-0.05029296875,
6.58050298691,-0.0281117917688,-0.0409019908673,0.994970904877,-0.983642578125,0.197021484375,-0.05029296875,
6.61261200905,-0.0219831547007,-0.0289111792124,0.989641655253,-0.9658203125,0.197509765625,-0.06396484375,
6.64448785782,-0.0106584992488,-0.0242480857911,0.986444105478,-0.945068359375,0.260986328125,-0.0400390625,
6.67644906044,-0.0254471669566,-0.0330413476713,0.984978561832,-0.9619140625,0.291259765625,-0.04150390625,
6.74059891701,-0.0161209801138,-0.0271791730845,0.966326188146,-0.918701171875,0.317626953125,-0.04150390625,
6.74168300629,-0.0189188361667,-0.0347733537993,0.968457887996,-0.906494140625,0.379150390625,-0.050537109375,
6.80591893196,-0.0265130168814,-0.0366385911678,0.970456356605,-0.927978515625,0.3759765625,-0.041748046875,
6.80598092079,-0.0265130168814,-0.0366385911678,0.970456356605,-0.927978515625,0.3759765625,-0.041748046875,
6.82174301147,-0.0141225115047,-0.0243813170317,0.955667688897,-0.88427734375,0.381591796875,-0.03955078125,
6.85385203362,-0.012656967858,-0.0321087289871,0.950338439273,-0.882568359375,0.447021484375,-0.026611328125,
6.88583898544,-0.0277120980469,-0.0302434916185,0.935016846603,-0.875244140625,0.4912109375,-0.035888671875,
6.91766500473,-0.0263797856408,-0.0267794793627,0.930486984422,-0.843505859375,0.484130859375,-0.034423828125,
6.949395895,-0.0115911179331,-0.0327748851901,0.920627872617,-0.829345703125,0.51513671875,-0.03125,
6.98127293587,-0.0222496171819,-0.0318422665059,0.912367535699,-0.822021484375,0.56982421875,-0.029052734375,
6.985008955,-0.0222496171819,-0.0318422665059,0.912367535699,-0.822021484375,0.56982421875,-0.029052734375,
7.01672005653,-0.0327748851901,-0.0269127106033,0.913966310586,-0.79541015625,0.589111328125,-0.031005859375,
7.08094096184,-0.0354395100023,-0.0346401225587,0.916364472917,-0.7822265625,0.59716796875,-0.041015625,
7.08111286163,-0.0261133231596,-0.0310428790622,0.909836142127,-0.76025390625,0.59716796875,-0.04150390625,
7.08860301971,-0.0261133231596,-0.0310428790622,0.909836142127,-0.76025390625,0.59716796875,-0.04150390625,
7.12068295479,-0.0218499234601,-0.0286447167312,0.897978561713,-0.74072265625,0.641357421875,-0.030517578125,
7.1524848938,-0.0194517611291,-0.0347733537993,0.90597243615,-0.719970703125,0.679931640625,-0.030029296875,
7.184278965,-0.0255803981972,-0.036238897446,0.909436448406,-0.71826171875,0.700927734375,-0.01904296875,
7.20000195503,-0.0255803981972,-0.036238897446,0.909436448406,-0.71826171875,0.700927734375,-0.01904296875,
7.23194789886,-0.0293108729343,-0.0345068913181,0.918362941526,-0.68798828125,0.721923828125,-0.031005859375,
7.26419496536,-0.0262465544002,-0.036905053649,0.924491578595,-0.65771484375,0.7216796875,-0.033935546875,
7.29616093636,-0.0215834609789,-0.0391699847394,0.939413477543,-0.62744140625,0.732421875,-0.028564453125,
7.32817792892,-0.0163874425951,-0.0342404288368,0.928088822091,-0.6025390625,0.772216796875,-0.025146484375,
7.36002492905,-0.0217166922195,-0.0349065850399,0.925823891001,-0.575439453125,0.816162109375,-0.02099609375,
7.39202189445,-0.0353062787617,-0.0371715161303,0.92342572867,-0.548095703125,0.837646484375,-0.03173828125,
7.39966988564,-0.0353062787617,-0.0371715161303,0.92342572867,-0.548095703125,0.837646484375,-0.03173828125,
7.43177890778,-0.0367718224084,-0.0403690659049,0.937814702656,-0.534912109375,0.841064453125,-0.03369140625,
7.46365499496,-0.0257136294378,-0.0358392037242,0.936215927768,-0.495849609375,0.8291015625,-0.032958984375,
7.49593186378,-0.0234486983474,-0.0275788668063,0.92342572867,-0.466064453125,0.86865234375,-0.025146484375,
7.56006598473,-0.0274456355657,-0.0407687596267,0.9300872907,-0.4189453125,0.9033203125,-0.0234375,
7.56131005287,-0.0382373660551,-0.041035222108,0.92782235961,-0.416748046875,0.90625,-0.025390625,
7.59339284897,-0.0405022971455,-0.0339739663556,0.925823891001,-0.38623046875,0.916015625,-0.03369140625,
7.60090398788,-0.0405022971455,-0.0339739663556,0.925823891001,-0.38623046875,0.916015625,-0.03369140625,
7.6328420639,-0.0375712098521,-0.0367718224084,0.925557428519,-0.355712890625,0.90380859375,-0.021240234375,
7.66485285759,-0.0359724349648,-0.0370382848897,0.931552834347,-0.328369140625,0.92236328125,-0.0234375,
7.67225885391,-0.0359724349648,-0.0370382848897,0.931552834347,-0.328369140625,0.92236328125,-0.0234375,
7.70420503616,-0.031442572784,-0.0394364472206,0.933284840475,-0.2939453125,0.9462890625,-0.0146484375,
7.73653197289,-0.0281117917688,-0.0407687596267,0.922359878745,-0.258544921875,0.96240234375,-0.02001953125,
7.76844286919,-0.0311761103028,-0.0429004594765,0.928355284572,-0.219970703125,0.9716796875,-0.029296875,
7.77586102486,-0.0311761103028,-0.0429004594765,0.928355284572,-0.219970703125,0.9716796875,-0.029296875,
7.80819106102,-0.0345068913181,-0.0431669219577,0.942744258558,-0.200439453125,0.966796875,-0.030517578125,
7.83998990059,-0.0343736600774,-0.0431669219577,0.935549771565,-0.175048828125,0.969970703125,-0.0234375,
7.85603904724,-0.0343736600774,-0.0431669219577,0.935549771565,-0.175048828125,0.969970703125,-0.0234375,
7.87177705765,-0.0343736600774,-0.0431669219577,0.935549771565,-0.175048828125,0.969970703125,-0.0234375,
7.87221598625,-0.0343736600774,-0.0431669219577,0.935549771565,-0.175048828125,0.969970703125,-0.0234375,
7.90414094925,-0.0343736600774,-0.0431669219577,0.935549771565,-0.175048828125,0.969970703125,-0.0234375,
7.9042429924,-0.0343736600774,-0.0431669219577,0.935549771565,-0.175048828125,0.969970703125,-0.0234375,
7.93648886681,-0.0343736600774,-0.0431669219577,0.935549771565,-0.175048828125,0.969970703125,-0.0234375,
7.93656206131,-0.0343736600774,-0.0431669219577,0.935549771565,-0.175048828125,0.969970703125,-0.0234375,
7.95217990875,-0.0343736600774,-0.0431669219577,0.935549771565,-0.175048828125,0.969970703125,-0.0234375,
7.9677760601,-0.0343736600774,-0.0431669219577,0.935549771565,-0.175048828125,0.969970703125,-0.0234375,
7.9832880497,-0.0343736600774,-0.0431669219577,0.935549771565,-0.175048828125,0.969970703125,-0.0234375,
7.99925088882,-0.0343736600774,-0.0431669219577,0.935549771565,-0.175048828125,0.969970703125,-0.0234375,
