0.0199749469757,-0.0125237366174
0.0844769477844,-0.0111914242113
0.148549079895,-0.00932618684272
0.148855924606,-0.0114578866925
0.212596893311,-0.010258805527
0.276895999908,-0.0114578866925
0.340791940689,-0.00972588056455
0.404554843903,-0.00373047473709
0.405744075775,0.0193185298885
0.469745874405,0.0231822358662
0.533736944199,0.0397029097019
0.597745895386,0.0556906585751
0.613530874252,0.0696799388392
0.645544052124,0.0976584993673
0.709471940994,0.146021439709
0.773372888565,0.194784073772
0.83745098114,0.237817764489
0.840761899948,0.266995406183
0.872750997543,0.289111792124
0.936764955521,0.31442572784
1.00080990791,0.340139357278
1.06460905075,0.366918836641
1.12870192528,0.401958652921
1.13207697868,0.418079633035
1.19619989395,0.449255743338
1.26031208038,0.470972435557
1.3243188858,0.489624809243
1.33189797401,0.504946401913
1.39592790604,0.507477795484
1.42782092094,0.546114855261
1.49172496796,0.583419602632
1.55569505692,0.617393568988
1.57130694389,0.65283307899
1.63517785072,0.686673814105
1.69899106026,0.740232772831
1.71445989609,0.765946402268
1.77811598778,0.801918837233
1.79363584518,0.844686065469
1.80107593536,0.844686065469
1.86475205421,0.867601838854
1.88020992279,0.893981624495
1.91179704666,0.915698316714
1.97566795349,0.913966310586
2.00748705864,0.939280246302
2.03944087029,0.959931088597
2.10347604752,0.966059725665
2.16750907898,0.983646249426
2.19939398766,1.00016692326
2.19951105118,1.00016692326
2.20717406273,1.00016692326
2.27109599113,1.00109954195
2.28683805466,1.00549617289
2.31842899323,1.00909341638
2.38280105591,1.00642879157
2.44658684731,0.992173048825
2.51087498665,0.993238898749
2.52689790726,0.984845330591
2.55884003639,0.970989281568
2.62286090851,0.975385912508
2.68687105179,0.978716693523
2.75074195862,0.979649312207
2.75417089462,0.983912711907
2.78583192825,0.966459419387
2.84963703156,0.984445636869
2.91357898712,0.966326188146
2.92956995964,0.968990812958
2.99358701706,0.954335376491
3.02583003044,0.927289434647
3.05755805969,0.924891272316
3.12193584442,0.88638744378
3.18589806557,0.872931088478
3.18698787689,0.859874426899
3.25115704536,0.840422665769
3.28330206871,0.824301685656
3.34742903709,0.818839204791
3.41143393517,0.793658500315
3.41903090477,0.806448699414
3.48307800293,0.805782543211
3.51488685608,0.793258806593
3.57902193069,0.792859112872
3.64323091507,0.799520674902
3.67515206337,0.802052068474
3.73896884918,0.808580399264
3.77062606812,0.819372129753
3.83457493782,0.823235835731
3.89856886864,0.854145483552
3.89987707138,0.864137826598
3.96407294273,0.894248086976
3.99632906914,0.891316999683
4.0280649662,0.900243492803
4.09231805801,0.922226647504
4.15642285347,0.936349159009
4.22062706947,0.923825422392
4.22098207474,0.919295560211
4.22404694557,0.919295560211
4.25605297089,0.916497704158
4.32023501396,0.892516080848
4.38456487656,0.869866769944
4.40035891533,0.854944870996
4.43207597733,0.856410414643
4.49651098251,0.823235835731
4.52858304977,0.824301685656
4.59268903732,0.822436448287
4.6082110405,0.816707504941
4.67257785797,0.824568148137
4.70442485809,0.809379786707
4.76845097542,0.803117918399
4.83271598816,0.798055131255
4.83295798302,0.803251149639
4.83380007744,0.803251149639
4.86600089073,0.802318530955
4.89788198471,0.804450230805
4.89812898636,0.804450230805
4.91374492645,0.80125268103
4.92131590843,0.80125268103
4.95362997055,0.824168454415
4.95705604553,0.824168454415
4.98909687996,0.817240429903
4.98918700218,0.817240429903
5.02113890648,0.812710567723
5.02137303352,0.812710567723
5.08520889282,0.83402756622
5.11717295647,0.83176263513
5.18136286736,0.837091884754
5.2455599308,0.825500766821
5.30987095833,0.823235835731
5.3130800724,0.808580399264
5.34519886971,0.802584993436
5.40916705132,0.789261869375
5.42530488968,0.771142420652
5.48931097984,0.739300154146
5.55358791351,0.712254212302
5.58575105667,0.713053599746
5.60156393051,0.690937213805
5.66546297073,0.684275651774
5.72928285599,0.679612558353
5.74479389191,0.678679939669
5.80859899521,0.659761103502
5.8087849617,0.659761103502
5.84062194824,0.659761103502
5.85611104965,0.659761103502
5.86339592934,0.659761103502
5.89515995979,0.659761103502
5.89847397804,0.659761103502
5.96239185333,0.68760643279
6.02664589882,0.707591118881
6.09096884727,0.704793262828
6.15497398376,0.711588056099
6.18717002869,0.737568148018
6.19046807289,0.730640123507
6.22238707542,0.763415008697
6.28657197952,0.759418071478
6.31860804558,0.752090353245
6.38279891014,0.782866769826
6.44701004028,0.797921900015
6.47837495804,0.820304748437
6.48569989204,0.820304748437
6.54986286163,0.852946402387
6.61394405365,0.858941808214
6.62965393066,0.868667688779
6.6615190506,0.894514549457
6.69336390495,0.895846861863
6.72496891022,0.906238898631
6.75668001175,0.919695253933
6.82046985626,0.948739664386
6.83609604836,0.976851456154
6.86789989471,0.976451762433
6.89965295792,0.983779480666
6.91528701782,0.983779480666
6.9186630249,0.983779480666
6.98292589188,0.992705973787
7.01498293877,1.01948545315
7.07924985886,1.01748698454
7.14350485802,1.02774579007
7.15927886963,1.021617153
7.19137907028,1.01495559097
7.25534200668,1.01482235973
7.31951904297,1.00203216063
7.32717084885,1.00203216063
7.33512306213,1.00203216063
7.39928293228,1.00562940413
7.43139195442,1.01069219127
7.46328997612,1.01655436586
7.52734398842,1.02015160935
7.59167504311,1.00163246691
7.62345290184,0.996303217283
7.68725204468,0.998967842096
7.71889185905,0.985378255553
7.78269886971,1.00576263537
7.84652304649,1.02215007796
7.91062903404,1.04439969514
7.9142138958,1.06318530007
7.94607901573,1.05812251293
8.01019096375,1.06158652518
