0.0201380252838,0.013323124061
0.0842950344086,0.0111914242113
0.148733854294,0.00746094947417
0.148952960968,0.00866003063967
0.21276807785,0.0177197550012
0.276718854904,0.01092496173
0.340960979462,0.0135895865422
0.372948884964,0.00985911180516
0.436787843704,0.00626186830868
0.468647956848,-0.00852679939906
0.53264093399,-0.0278453292875
0.596611976624,-0.0402358346643
0.612292051315,-0.0555574273345
0.644279003143,-0.132298621926
0.708175897598,-0.119375191587
0.772222995758,-0.161076569898
0.836219072342,-0.199180704712
0.839891910553,-0.225427259113
0.903797864914,-0.281784073891
0.935669898987,-0.310428790622
0.999681949615,-0.356260337392
1.06361484528,-0.386104135289
1.12756705284,-0.416614089388
1.13093090057,-0.431802450818
1.19495892525,-0.444059724954
1.25900602341,-0.47590199146
1.32304906845,-0.496819296236
1.3388979435,-0.504013783229
1.37074995041,-0.537588055862
1.43478107452,-0.550777948683
1.49890685081,-0.578889740452
1.5631070137,-0.626852987071
1.56632494926,-0.632182236696
1.63035106659,-0.678413477187
1.69418287277,-0.737568148018
1.70963001251,-0.782067382382
1.77336001396,-0.808313936782
1.80496406555,-0.830830016446
1.80502986908,-0.8470842278
1.86866497993,-0.874796325847
1.88414001465,-0.888918837352
1.91573286057,-0.926756509685
1.97959303856,-0.945808577092
1.99516892433,-0.949405820589
2.05929684639,-0.962329250928
2.09120893478,-0.987776417884
2.15522384644,-0.994571211156
2.2191889286,-1.00669525405
2.21933293343,-1.01135834747
2.21933984756,-1.01135834747
2.28315401077,-1.02747932759
2.28667998314,-1.02321592789
2.35070705414,-1.01935222191
2.38263487816,-1.01602144089
2.4467689991,-1.00989280383
2.51101994514,-1.00163246691
2.52675390244,-0.996702911005
2.55867791176,-0.996702911005
2.62302207947,-1.00283154807
2.68698906898,-1.00709494777
2.75083088875,-1.00802756646
2.75408792496,-0.993638592471
2.78591299057,-1.00109954195
2.84972286224,-0.991640123862
2.91349601746,-0.989108730291
2.92940402031,-0.983912711907
2.99375605583,-0.975652374989
3.02566385269,-0.949272589348
3.05771994591,-0.949272589348
3.12176895142,-0.91916232897
3.18609499931,-0.888385912389
3.18708705902,-0.857476264568
3.25132393837,-0.868401226298
3.2831299305,-0.850814702537
3.34725403786,-0.824967841859
3.41117405891,-0.820304748437
3.41887998581,-0.808180705542
3.48291087151,-0.804183768323
3.5150539875,-0.806981624376
3.57921290398,-0.806715161895
3.64339184761,-0.805915774451
3.67502593994,-0.818572742309
3.73887395859,-0.827898929152
3.77072787285,-0.828032160393
3.83448505402,-0.827765697912
3.89876198769,-0.854411946034
3.8997759819,-0.86014088938
3.96424889565,-0.893315468292
3.99615693092,-0.910102604609
4.02823901176,-0.924624809835
4.09214901924,-0.928621747053
4.15660095215,-0.950871364235
4.22079801559,-0.949006126867
4.2208878994,-0.94087902119
4.22395396233,-0.922359878745
4.25594186783,-0.902375192653
4.32040190697,-0.895447168142
4.38437795639,-0.870133232426
4.40019202232,-0.869733538704
4.4321808815,-0.847217459041
4.4963388443,-0.84268759686
4.52841687202,-0.842954059341
4.59286403656,-0.828698316596
4.6083419323,-0.821637060843
4.67238807678,-0.835093416145
4.70428705215,-0.822836142009
4.76860404015,-0.809379786707
4.83307099342,-0.806581930654
4.83316493034,-0.804316999564
4.83389306068,-0.804316999564
4.86588001251,-0.804316999564
4.89800190926,-0.804316999564
4.89824199677,-0.804316999564
4.91359901428,-0.804316999564
4.92148995399,-0.804316999564
4.95346784592,-0.804316999564
4.9568669796,-0.804316999564
4.988904953,-0.804316999564
4.9892950058,-0.804316999564
5.02092194557,-0.804316999564
5.02125287056,-0.804316999564
5.08535885811,-0.813376723926
5.11734485626,-0.832428791333
5.18154406548,-0.833627872498
5.24572992325,-0.842954059341
5.30971002579,-0.85800918953
5.31296491623,-0.833094947536
5.34505605698,-0.832029097611
5.40933489799,-0.822169985806
5.42513585091,-0.807514549339
5.48951196671,-0.773673814224
5.55373907089,-0.752756509448
5.58560705185,-0.723179174032
5.60139489174,-0.723179174032
5.66535305977,-0.700130169407
5.72918987274,-0.688672282714
5.74488902092,-0.670819296473
5.80870699883,-0.66802144042
5.80890107155,-0.67015314027
5.84033584595,-0.667754977939
5.85599303246,-0.667754977939
5.86351585388,-0.655231241321
5.89507603645,-0.67907963339
5.89839291573,-0.67907963339
5.96255397797,-0.693068913655
6.02683186531,-0.703860644144
6.09084701538,-0.704526800347
6.15513801575,-0.717450230686
6.18698596954,-0.73130627971
6.19036889076,-0.743696785086
6.22220897675,-0.750225115876
6.28641796112,-0.757419602869
6.31843495369,-0.769943339487
6.38263106346,-0.771009189412
6.44689106941,-0.797921900015
6.47847604752,-0.817240429903
6.48578691483,-0.827898929152
6.54977297783,-0.850548240056
6.61412000656,-0.854545177274
6.62983107567,-0.869467076223
6.66161894798,-0.899310874119
6.69328594208,-0.908503829721
6.72506690025,-0.908503829721
6.75675988197,-0.93874732134
6.82055807114,-0.946075039573
6.83620691299,-0.96925727544
6.86781597137,-0.981647780816
6.89957094193,-0.981248087095
6.91519498825,-0.98671056796
6.91856408119,-0.98671056796
6.98312091827,-0.998967842096
7.01513504982,-1.00869372266
7.07939791679,-1.01495559097
7.14367699623,-1.02028484059
7.15941596031,-1.01482235973
7.19122505188,-1.01748698454
7.25550985336,-1.00469678544
7.31938695908,-1.01069219127
7.32733392715,-1.0003001545
7.33496594429,-1.0003001545
7.39909601212,-1.0088269539
7.43124485016,-0.969923431643
7.46344590187,-1.01189127243
7.52747893333,-1.03320827093
7.59149885178,-1.03853752056
7.62335300446,-1.02028484059
7.68716096878,-1.02268300292
7.71881103516,-1.01029249755
7.78279995918,-1.02361562161
7.84662103653,-1.03853752056
7.91081404686,-1.04613170127
7.91438698769,-1.04599847003
7.9781498909,-1.05599081308
8.00996804237,-1.0734441056
