0.0131709575653,-0.0273124043251,-0.0103920367676,-0.0105252680082,0.140625,0.987060546875,-0.008056640625,
0.0769619941711,-0.0285114854906,-0.00586217458685,-0.0090597243615,0.138916015625,0.98046875,-0.013427734375,
0.0770149230957,-0.0285114854906,-0.00586217458685,-0.0090597243615,0.138916015625,0.98046875,-0.013427734375,
0.0924229621887,-0.0254471669566,-0.00985911180516,-0.00945941808333,0.143310546875,0.983642578125,-0.014404296875,
0.124536991119,-0.023581929588,-0.00452986218075,-0.010258805527,0.142822265625,0.980712890625,-0.01318359375,
0.156310081482,-0.0263797856408,-0.00679479327112,-0.00959264932394,0.14453125,0.985595703125,-0.015625,
0.18848490715,-0.0269127106033,-0.00812710567723,-0.00666156203051,0.138916015625,0.982666015625,-0.020751953125,
0.220353126526,-0.0273124043251,-0.00919295560211,-0.00732771823356,0.140869140625,0.98388671875,-0.01171875,
0.252842903137,-0.0263797856408,-0.00919295560211,0.0013323124061,0.140625,0.984619140625,-0.01123046875,
0.260420084,-0.0263797856408,-0.00919295560211,0.0013323124061,0.140625,0.984619140625,-0.01123046875,
0.292594909668,-0.0254471669566,-0.00759418071478,0.0065283307899,0.133544921875,0.987060546875,-0.0068359375,
0.324494123459,-0.0225160796631,-0.00626186830868,0.0193185298885,0.09326171875,1.00122070312,-0.024658203125,
0.388655900955,-0.0269127106033,-0.0105252680082,0.0243813170317,0.126708984375,0.968017578125,-0.014404296875,
0.390058994293,-0.0233154671068,-0.01092496173,0.0298437978967,0.127197265625,0.98681640625,-0.017578125,
0.454220056534,-0.0298437978967,-0.0103920367676,0.0355727412429,0.135009765625,0.993896484375,-0.01171875,
0.455312013626,-0.0225160796631,-0.0105252680082,0.0401026034237,0.150390625,0.991943359375,-0.016845703125,
0.471009969711,-0.0225160796631,-0.0105252680082,0.0401026034237,0.150390625,0.991943359375,-0.016845703125,
0.503117084503,-0.031442572784,-0.00839356815845,0.0467641654542,0.143798828125,0.984130859375,-0.010009765625,
0.534887075424,-0.0294441041749,0.0123905053768,0.0659494641021,0.180419921875,0.970947265625,-0.00732421875,
0.566851139069,-0.0221163859413,-0.0090597243615,0.105252680082,0.161376953125,0.97216796875,-0.027587890625,
0.598603010178,-0.0271791730845,-0.0434333844389,0.111647779631,0.106689453125,0.989013671875,-0.01025390625,
0.630769968033,-0.0226493109037,-0.0153215926702,0.114445635684,0.14453125,0.97265625,-0.00927734375,
0.662787914276,-0.0275788668063,-0.0129234303392,0.130300153317,0.1611328125,0.9833984375,-0.025146484375,
0.670143127441,-0.0275788668063,-0.0129234303392,0.130300153317,0.1611328125,0.9833984375,-0.025146484375,
0.702105998993,-0.0243813170317,-0.0113246554519,0.140558958844,0.157958984375,0.970947265625,-0.012451171875,
0.73394203186,-0.0298437978967,-0.0137228177829,0.151750383055,0.16748046875,0.990478515625,-0.012451171875,
0.798262119293,-0.0287779479718,-0.0118575804143,0.179329249861,0.175537109375,0.982666015625,-0.02294921875,
0.79939699173,-0.0261133231596,-0.0149218989483,0.198514548509,0.190185546875,0.988525390625,-0.008056640625,
0.863411903381,-0.0399693721831,-0.000266462481221,0.224761102909,0.181396484375,0.98193359375,-0.012451171875,
0.864514112473,-0.0186523736854,-0.00799387443662,0.256203675694,0.166015625,0.95849609375,-0.00390625,
0.880346059799,-0.0186523736854,-0.00799387443662,0.256203675694,0.166015625,0.95849609375,-0.00390625,
0.912087917328,-0.0374379786115,0.00959264932394,0.280318530244,0.19091796875,1.0322265625,-0.022216796875,
0.943831920624,-0.023581929588,-0.00319754977465,0.332278714082,0.216064453125,0.944580078125,-0.018798828125,
0.975600004196,-0.0271791730845,-0.0143889739859,0.381174579386,0.220458984375,0.984130859375,-0.02294921875,
1.00712299347,-0.0311761103028,-0.0149218989483,0.40822052123,0.243408203125,0.960205078125,-0.017822265625,
1.03880500793,-0.0243813170317,-0.0119908116549,0.435399694314,0.2529296875,0.972900390625,-0.025146484375,
1.07059001923,-0.0297105666561,-0.00892649312089,0.45844869894,0.25634765625,0.9443359375,-0.01220703125,
1.07813191414,-0.0297105666561,-0.00892649312089,0.45844869894,0.25634765625,0.9443359375,-0.01220703125,
1.14235901833,-0.0293108729343,-0.0173200612793,0.480165391159,0.28759765625,0.94921875,-0.02294921875,
1.14341711998,-0.0347733537993,-0.0119908116549,0.484162328378,0.3046875,0.951904296875,-0.01904296875,
1.20761704445,-0.0266462481221,-0.00945941808333,0.50001684601,0.320068359375,0.932861328125,-0.01708984375,
1.20879793167,-0.0303767228591,-0.00186523736854,0.492156202814,0.355224609375,0.9306640625,-0.013427734375,
1.27314996719,-0.0269127106033,-0.0110581929707,0.506811639281,0.357666015625,0.927734375,-0.0146484375,
1.27329397202,-0.0269127106033,-0.0110581929707,0.506811639281,0.357666015625,0.927734375,-0.0146484375,
1.28883099556,-0.0277120980469,-0.00639509954929,0.513339970071,0.36181640625,0.932373046875,-0.0029296875,
1.32116794586,-0.0309096478216,-0.00279785605282,0.526796325373,0.388916015625,0.914794921875,-0.0107421875,
1.324436903,-0.0309096478216,-0.00279785605282,0.526796325373,0.388916015625,0.914794921875,-0.0107421875,
1.33193802834,-0.0309096478216,-0.00279785605282,0.526796325373,0.388916015625,0.914794921875,-0.0107421875,
1.36432313919,-0.0327748851901,-0.00679479327112,0.529727412666,0.416015625,0.902099609375,-0.0009765625,
1.37994194031,-0.0327748851901,-0.00679479327112,0.529727412666,0.416015625,0.902099609375,-0.0009765625,
1.41174697876,-0.0321087289871,-0.0090597243615,0.554908117142,0.435546875,0.90478515625,-0.023193359375,
1.42765808105,-0.0322419602277,-0.00879326188028,0.573427259587,0.4521484375,0.884033203125,-0.0185546875,
1.44315600395,-0.0322419602277,-0.00879326188028,0.573427259587,0.4521484375,0.884033203125,-0.0185546875,
1.47478699684,-0.0310428790622,-0.0142557427453,0.589814702182,0.468505859375,0.890625,-0.008056640625,
1.5388879776,-0.0329081164307,-0.0105252680082,0.597142420415,0.483154296875,0.86962890625,-0.015625,
1.54007792473,-0.0303767228591,-0.0158545176326,0.632182236696,0.497802734375,0.85791015625,-0.007080078125,
1.55611109734,-0.0303767228591,-0.0158545176326,0.632182236696,0.497802734375,0.85791015625,-0.007080078125,
1.58797311783,-0.0313093415434,-0.00959264932394,0.637777948801,0.51513671875,0.8525390625,-0.01025390625,
1.61993908882,-0.0151883614296,0.00226493109037,0.675082696172,0.563720703125,0.792724609375,0.00048828125,
1.65175390244,-0.0305099540997,-0.00626186830868,0.684542114255,0.581298828125,0.8310546875,-0.0107421875,
1.68375897408,-0.0421010720328,-0.0258468606784,0.715584993318,0.569091796875,0.831787109375,-0.0126953125,
1.7161989212,-0.0411684533486,-0.0190520674073,0.730506892266,0.608642578125,0.7880859375,-0.00732421875,
1.74789404869,-0.0406355283861,-0.0214502297383,0.758618684035,0.614501953125,0.79638671875,-0.0107421875,
1.74894094467,-0.0406355283861,-0.0214502297383,0.758618684035,0.614501953125,0.79638671875,-0.0107421875,
1.81352806091,-0.0335742726338,-0.0239816233098,0.779935682532,0.634765625,0.75537109375,-0.024169921875,
1.81457495689,-0.0387702910176,-0.0197182236103,0.801785605993,0.675048828125,0.743896484375,-0.022216796875,
1.84669804573,-0.036905053649,-0.0249142419941,0.830696785205,0.685302734375,0.726318359375,-0.021484375,
1.85433602333,-0.036905053649,-0.0249142419941,0.830696785205,0.685302734375,0.726318359375,-0.021484375,
1.88667702675,-0.0306431853404,-0.0189188361667,0.844686065469,0.7021484375,0.7080078125,-0.009521484375,
1.91872692108,-0.033840735115,-0.0170535987981,0.876528331975,0.732666015625,0.6865234375,-0.012451171875,
1.9506111145,-0.0323751914683,-0.018785604926,0.904640123744,0.744873046875,0.656982421875,-0.02294921875,
1.95808792114,-0.0323751914683,-0.018785604926,0.904640123744,0.744873046875,0.656982421875,-0.02294921875,
1.9901239872,-0.0323751914683,-0.0265130168814,0.925290966038,0.753662109375,0.63916015625,-0.0302734375,
2.02151298523,-0.0293108729343,-0.0245145482723,0.948606433145,0.8056640625,0.612060546875,-0.012939453125,
2.02884101868,-0.0293108729343,-0.0245145482723,0.948606433145,0.8056640625,0.612060546875,-0.012939453125,
2.06078410149,-0.0333078101526,-0.0261133231596,0.968191425515,0.824462890625,0.59375,-0.0029296875,
2.09271812439,-0.0430336907171,-0.0238483920692,0.9911071989,0.837890625,0.553466796875,-0.012939453125,
2.12466096878,-0.0358392037242,-0.0287779479718,1.00562940413,0.8564453125,0.533447265625,-0.01318359375,
2.13188409805,-0.0358392037242,-0.0287779479718,1.00562940413,0.8564453125,0.533447265625,-0.01318359375,
2.16373991966,-0.0342404288368,-0.0279785605282,1.00802756646,0.871826171875,0.49755859375,-0.01904296875,
2.19586396217,-0.0350398162805,-0.023581929588,1.0180199095,0.8955078125,0.4814453125,-0.0107421875,
2.2279009819,-0.0371715161303,-0.0213169984976,1.02294946541,0.90087890625,0.43701171875,-0.010986328125,
2.26057600975,-0.0327748851901,-0.0195849923697,1.01935222191,0.930419921875,0.40283203125,-0.020263671875,
2.29250693321,-0.0341071975962,-0.0202511485728,1.02055130307,0.93798828125,0.375244140625,-0.016357421875,
2.32425808907,-0.0381041348145,-0.0209173047758,1.0173537533,0.940673828125,0.34375,-0.01806640625,
2.32833695412,-0.0381041348145,-0.0209173047758,1.0173537533,0.940673828125,0.34375,-0.01806640625,
2.36046695709,-0.0363721286866,-0.0230490046256,1.00922664762,0.963623046875,0.30126953125,-0.014404296875,
2.39231204987,-0.0407687596267,-0.0167871363169,1.01215773492,0.972900390625,0.28125,-0.0205078125,
2.4245839119,-0.0346401225587,-0.0227825421444,0.990840736418,0.975830078125,0.24169921875,-0.017333984375,
2.43206095695,-0.0346401225587,-0.0227825421444,0.990840736418,0.975830078125,0.24169921875,-0.017333984375,
2.46392011642,-0.0397029097019,-0.0271791730845,0.991906586343,0.999267578125,0.2119140625,-0.022216796875,
2.49604701996,-0.0390367534988,-0.0245145482723,0.978583462282,0.98828125,0.177001953125,-0.016357421875,
2.52805900574,-0.0379709035739,-0.0231822358662,0.972188362733,1.0048828125,0.150390625,-0.015869140625,
2.53151392937,-0.0379709035739,-0.0231822358662,0.972188362733,1.0048828125,0.150390625,-0.015869140625,
2.56348204613,-0.0361056662054,-0.029044410453,0.970189894124,1.00439453125,0.1142578125,-0.01513671875,
2.59518694878,-0.0361056662054,-0.029044410453,0.970189894124,1.00439453125,0.1142578125,-0.01513671875,
2.59538507462,-0.0361056662054,-0.029044410453,0.970189894124,1.00439453125,0.1142578125,-0.01513671875,
2.62664890289,-0.0347733537993,-0.0198514548509,0.964194488296,0.99560546875,0.08544921875,-0.02734375,
2.65843391418,-0.0418346095516,-0.02837825425,0.969523737921,1.0126953125,0.015625,-0.032470703125,
2.72243404388,-0.0353062787617,-0.0215834609789,0.989375192772,1.009765625,-0.020263671875,-0.0205078125,
2.72562193871,-0.0397029097019,-0.0241148545505,0.993905054952,1.01831054688,-0.033203125,-0.021484375,
2.73312592506,-0.0397029097019,-0.0241148545505,0.993905054952,1.01831054688,-0.033203125,-0.021484375,
2.76502108574,-0.03930321598,-0.0266462481221,0.98897549905,0.999755859375,-0.0830078125,-0.02880859375,
2.8289899826,-0.0403690659049,-0.0227825421444,1.00629556033,1.0107421875,-0.12158203125,-0.03173828125,
2.82906508446,-0.0406355283861,-0.0263797856408,0.993905054952,0.98583984375,-0.158447265625,-0.030517578125,
2.84470009804,-0.0406355283861,-0.0263797856408,0.993905054952,0.98583984375,-0.158447265625,-0.030517578125,
2.84804606438,-0.0406355283861,-0.0263797856408,0.993905054952,0.98583984375,-0.158447265625,-0.030517578125,
2.8797929287,-0.0492955590258,-0.0327748851901,0.985911180516,0.987548828125,-0.19970703125,-0.024169921875,
2.94388890266,-0.0371715161303,-0.0291776416936,1.00083307946,0.977783203125,-0.234375,-0.03173828125,
2.94508504868,-0.0462312404918,-0.0250474732347,1.00123277319,0.97998046875,-0.255859375,-0.029541015625,
3.00905704498,-0.0379709035739,-0.0209173047758,1.00935987886,0.9755859375,-0.300537109375,-0.025146484375,
3.00913000107,-0.0379709035739,-0.0209173047758,1.00935987886,0.9755859375,-0.300537109375,-0.025146484375,
3.02482104301,-0.0395696784612,-0.0249142419941,1.01988514687,0.95556640625,-0.32177734375,-0.0400390625,
3.05676794052,-0.0425007657547,-0.0275788668063,1.02694640262,0.9443359375,-0.381591796875,-0.030517578125,
3.08854007721,-0.0413016845892,-0.0219831547007,1.03640582071,0.943603515625,-0.395751953125,-0.03857421875,
3.12047410011,-0.0414349158298,-0.0270459418439,1.03280857721,0.915771484375,-0.4248046875,-0.0283203125,
3.15240693092,-0.03930321598,-0.0270459418439,1.04559877631,0.916748046875,-0.4599609375,-0.038330078125,
3.18418908119,-0.0381041348145,-0.0255803981972,1.03733843939,0.875244140625,-0.501220703125,-0.0400390625,
3.19165611267,-0.0381041348145,-0.0255803981972,1.03733843939,0.875244140625,-0.501220703125,-0.0400390625,
3.25564694405,-0.047163859176,-0.0175865237606,1.0557243506,0.855224609375,-0.541259765625,-0.037353515625,
3.27118206024,-0.0342404288368,-0.0363721286866,1.04146860785,0.811279296875,-0.583740234375,-0.033935546875,
3.28690505028,-0.0342404288368,-0.0363721286866,1.04146860785,0.811279296875,-0.583740234375,-0.033935546875,
3.31860113144,-0.0518269525974,-0.0170535987981,1.03853752056,0.82373046875,-0.616455078125,-0.036376953125,
3.3823890686,-0.0355727412429,-0.0374379786115,1.03187595853,0.756103515625,-0.659423828125,-0.037841796875,
3.38245511055,-0.0430336907171,-0.0158545176326,1.03214242101,0.7685546875,-0.66796875,-0.046142578125,
3.38996696472,-0.0430336907171,-0.0158545176326,1.03214242101,0.7685546875,-0.66796875,-0.046142578125,
3.42239499092,-0.0439663094014,-0.0306431853404,1.01708729082,0.70556640625,-0.718505859375,-0.031494140625,
3.45414400101,-0.0436998469202,-0.015721286392,1.00989280383,0.729736328125,-0.724609375,-0.039794921875,
3.4615111351,-0.0436998469202,-0.015721286392,1.00989280383,0.729736328125,-0.724609375,-0.039794921875,
3.49356794357,-0.036905053649,-0.0255803981972,0.985111793072,0.668701171875,-0.748291015625,-0.046630859375,
3.5254650116,-0.0444992343638,-0.0346401225587,0.97591883747,0.6494140625,-0.7666015625,-0.0478515625,
3.55741000175,-0.0342404288368,-0.0186523736854,0.983246555704,0.6435546875,-0.793212890625,-0.049072265625,
3.58959698677,-0.048895865304,-0.0214502297383,0.972454825214,0.60205078125,-0.8154296875,-0.049560546875,
3.62146711349,-0.0430336907171,-0.0282450230094,0.959531394875,0.589111328125,-0.824462890625,-0.03955078125,
3.65359807014,-0.0402358346643,-0.0241148545505,0.954868301454,0.56640625,-0.8603515625,-0.038818359375,
3.6855070591,-0.0334410413932,-0.0246477795129,0.953535989048,0.534912109375,-0.853759765625,-0.047119140625,
3.68656802177,-0.0334410413932,-0.0246477795129,0.953535989048,0.534912109375,-0.853759765625,-0.047119140625,
3.75076007843,-0.0460980092511,-0.0222496171819,0.963528332093,0.4892578125,-0.8837890625,-0.053466796875,
3.75201010704,-0.0433001531983,-0.0299770291373,0.952336907882,0.486572265625,-0.895751953125,-0.052978515625,
3.76816606522,-0.0433001531983,-0.0299770291373,0.952336907882,0.486572265625,-0.895751953125,-0.052978515625,
3.79990792274,-0.0303767228591,-0.0293108729343,0.959931088597,0.423583984375,-0.934814453125,-0.031005859375,
3.81570506096,-0.0303767228591,-0.0293108729343,0.959931088597,0.423583984375,-0.934814453125,-0.031005859375,
3.81892609596,-0.0303767228591,-0.0293108729343,0.959931088597,0.423583984375,-0.934814453125,-0.031005859375,
3.85084700584,-0.0406355283861,-0.0279785605282,0.959131701153,0.427978515625,-0.911376953125,-0.062255859375,
3.86634993553,-0.0406355283861,-0.0279785605282,0.959131701153,0.427978515625,-0.911376953125,-0.062255859375,
3.89821410179,-0.0468973966948,-0.0218499234601,0.960330782319,0.3583984375,-0.934814453125,-0.062744140625,
3.93006110191,-0.0366385911678,-0.0322419602277,0.972987750177,0.32421875,-0.978515625,-0.0595703125,
3.96162199974,-0.0302434916185,-0.0315758040246,0.977251149876,0.286865234375,-0.9697265625,-0.054443359375,
3.96172595024,-0.0302434916185,-0.0315758040246,0.977251149876,0.286865234375,-0.9697265625,-0.054443359375,
4.02527213097,-0.0421010720328,-0.02837825425,0.980581930891,0.265380859375,-0.973876953125,-0.0537109375,
4.02651691437,-0.0363721286866,-0.0221163859413,0.984845330591,0.230224609375,-0.999267578125,-0.054931640625,
4.09101891518,-0.0351730475211,-0.0297105666561,0.982313937019,0.177001953125,-0.98779296875,-0.042236328125,
4.09206199646,-0.0343736600774,-0.0270459418439,0.990174580215,0.15771484375,-0.99755859375,-0.057861328125,
4.15616202354,-0.0365053599272,-0.0183859112042,0.998834610855,0.146728515625,-0.9921875,-0.0517578125,
4.15723896027,-0.0333078101526,-0.0234486983474,1.00376416676,0.10498046875,-1.00512695312,-0.05078125,
4.17310905457,-0.0333078101526,-0.0234486983474,1.00376416676,0.10498046875,-1.00512695312,-0.05078125,
4.20520806313,-0.0377044410927,-0.0178529862418,1.01615467213,0.0751953125,-1.00830078125,-0.05322265625,
4.23740100861,-0.0390367534988,-0.0241148545505,1.00762787274,0.03125,-1.00268554688,-0.05029296875,
4.26921606064,-0.0361056662054,-0.0287779479718,1.02081776556,-0.005126953125,-1.01293945312,-0.052490234375,
4.30134105682,-0.0429004594765,-0.0198514548509,1.01575497841,-0.046630859375,-1.00537109375,-0.0517578125,
4.33344912529,-0.0401026034237,-0.0281117917688,1.00256508559,-0.0859375,-1.0126953125,-0.0625,
4.36529803276,-0.033174578912,-0.0266462481221,1.01015926631,-0.108154296875,-0.99072265625,-0.0556640625,
4.37292098999,-0.033174578912,-0.0266462481221,1.01015926631,-0.108154296875,-0.99072265625,-0.0556640625,
4.40521097183,-0.0427672282359,-0.0237151608286,0.994171517434,-0.1591796875,-0.998046875,-0.05517578125,
4.43675899506,-0.0363721286866,-0.0334410413932,1.00256508559,-0.21337890625,-0.99609375,-0.05810546875,
4.46903800964,-0.0374379786115,-0.0281117917688,1.02028484059,-0.202392578125,-0.97314453125,-0.059326171875,
4.53300499916,-0.0315758040246,-0.0250474732347,1.01815314074,-0.25732421875,-0.982421875,-0.051513671875,
4.53405499458,-0.0389035222582,-0.0326416539495,1.01388974104,-0.289306640625,-0.961181640625,-0.055908203125,
4.56557011604,-0.036905053649,-0.0218499234601,0.999101073336,-0.318359375,-0.947509765625,-0.056396484375,
4.573127985,-0.036905053649,-0.0218499234601,0.999101073336,-0.318359375,-0.947509765625,-0.056396484375,
4.60970211029,-0.0366385911678,-0.0258468606784,1.00176569815,-0.356689453125,-0.940673828125,-0.05078125,
4.64160013199,-0.0374379786115,-0.0222496171819,0.986577336719,-0.37353515625,-0.923583984375,-0.056884765625,
4.65723705292,-0.0370382848897,-0.0230490046256,0.979116387245,-0.4189453125,-0.928955078125,-0.064697265625,
4.68915510178,-0.0370382848897,-0.0230490046256,0.979116387245,-0.4189453125,-0.928955078125,-0.064697265625,
4.72106695175,-0.0419678407922,-0.0311761103028,0.985911180516,-0.446044921875,-0.889404296875,-0.066650390625,
4.75305104256,-0.038637059777,-0.0234486983474,0.973387443899,-0.482421875,-0.86962890625,-0.066162109375,
4.78499293327,-0.0345068913181,-0.0233154671068,0.968591119237,-0.51025390625,-0.864013671875,-0.063232421875,
4.78506994247,-0.0345068913181,-0.0233154671068,0.968591119237,-0.51025390625,-0.864013671875,-0.063232421875,
4.81691098213,-0.038637059777,-0.0285114854906,0.982313937019,-0.530517578125,-0.845458984375,-0.05908203125,
4.84857392311,-0.0426339969953,-0.0267794793627,0.973120981417,-0.56396484375,-0.8310546875,-0.051025390625,
4.88050699234,-0.0385038285364,-0.0217166922195,0.978450231042,-0.595947265625,-0.804443359375,-0.054443359375,
4.9123980999,-0.0399693721831,-0.0249142419941,0.972321593974,-0.6201171875,-0.770263671875,-0.060546875,
4.94420695305,-0.0409019908673,-0.0241148545505,0.975252681267,-0.642578125,-0.770263671875,-0.05712890625,
4.97597813606,-0.0409019908673,-0.0241148545505,0.975252681267,-0.642578125,-0.770263671875,-0.05712890625,
4.97602105141,-0.0409019908673,-0.0241148545505,0.975252681267,-0.642578125,-0.770263671875,-0.05712890625,
5.03995513916,-0.0367718224084,-0.0315758040246,0.971122512808,-0.67041015625,-0.73681640625,-0.066650390625,
5.04329490662,-0.0407687596267,-0.0249142419941,0.967658500552,-0.708251953125,-0.69140625,-0.06787109375,
5.05084609985,-0.0407687596267,-0.0249142419941,0.967658500552,-0.708251953125,-0.69140625,-0.06787109375,
5.11487293243,-0.0322419602277,-0.0179862174824,0.962995407131,-0.708251953125,-0.711669921875,-0.072265625,
5.11600708961,-0.0499617152288,-0.00999234304577,0.955667688897,-0.799560546875,-0.638916015625,0.01513671875,
5.17998313904,-0.0323751914683,-0.0472970904166,0.947940276942,-0.796142578125,-0.634033203125,-0.047119140625,
5.18134903908,-0.0463644717324,-0.0227825421444,0.94540888337,-0.813720703125,-0.586669921875,-0.061279296875,
5.24521207809,-0.0394364472206,-0.0245145482723,0.940079633746,-0.791015625,-0.568115234375,-0.0537109375,
5.24862790108,-0.0286447167312,-0.0297105666561,0.92795559085,-0.852294921875,-0.56689453125,-0.0517578125,
5.25617909431,-0.0286447167312,-0.0297105666561,0.92795559085,-0.852294921875,-0.56689453125,-0.0517578125,
5.28806090355,-0.0158545176326,0.0174532925199,0.922892803707,-0.871826171875,-0.51708984375,-0.039306640625,
5.31993293762,-0.0387702910176,-0.00812710567723,0.929287903257,-0.816162109375,-0.4814453125,-0.04638671875,
5.35180091858,-0.0325084227089,-0.0335742726338,0.927289434647,-0.8759765625,-0.4765625,-0.069580078125,
5.3593120575,-0.0325084227089,-0.0335742726338,0.927289434647,-0.8759765625,-0.4765625,-0.069580078125,
5.39103198051,-0.0325084227089,-0.0262465544002,0.912767229421,-0.922607421875,-0.429443359375,-0.045654296875,
5.42286896706,-0.0317090352652,-0.022915773385,0.914099541827,-0.883544921875,-0.38330078125,-0.036865234375,
5.43056201935,-0.0317090352652,-0.022915773385,0.914099541827,-0.883544921875,-0.38330078125,-0.036865234375,
5.4623670578,-0.0421010720328,-0.0323751914683,0.908770292203,-0.919921875,-0.365966796875,-0.0537109375,
5.49429702759,-0.0365053599272,-0.0246477795129,0.919961716414,-0.9267578125,-0.356201171875,-0.052734375,
5.52591490746,-0.0238483920692,-0.0273124043251,0.917163860361,-0.947021484375,-0.328857421875,-0.064697265625,
5.5897359848,-0.0315758040246,-0.0202511485728,0.908503829721,-0.951171875,-0.2822265625,-0.05126953125,
5.58977603912,-0.0265130168814,-0.0318422665059,0.909702910887,-0.951171875,-0.232421875,-0.047607421875,
5.5970480442,-0.0265130168814,-0.0318422665059,0.909702910887,-0.951171875,-0.232421875,-0.047607421875,
5.62862992287,-0.0265130168814,-0.0318422665059,0.909702910887,-0.951171875,-0.232421875,-0.047607421875,
5.66003894806,-0.0374379786115,-0.0191852986479,0.916630935399,-0.9873046875,-0.2119140625,-0.05615234375,
5.66112995148,-0.0374379786115,-0.0191852986479,0.916630935399,-0.9873046875,-0.2119140625,-0.05615234375,
5.69253492355,-0.0407687596267,-0.0167871363169,0.92129402882,-0.966796875,-0.16943359375,-0.045654296875,
5.72394609451,-0.0350398162805,-0.0163874425951,0.929820828219,-0.970947265625,-0.147216796875,-0.051025390625,
5.75542211533,-0.0310428790622,-0.0151883614296,0.93661562149,-0.970947265625,-0.103515625,-0.0595703125,
5.76311802864,-0.0310428790622,-0.0151883614296,0.93661562149,-0.970947265625,-0.103515625,-0.0595703125,
5.79479813576,-0.033174578912,-0.0245145482723,0.939280246302,-0.9970703125,-0.05078125,-0.049072265625,
5.82681202888,-0.0554241960939,-0.0214502297383,0.947807045701,-0.972900390625,-0.0234375,-0.04638671875,
5.85885310173,-0.0433001531983,-0.0138560490235,0.954335376491,-0.918212890625,-0.01171875,-0.044921875,
5.86680102348,-0.0433001531983,-0.0138560490235,0.954335376491,-0.918212890625,-0.01171875,-0.044921875,
5.89866399765,-0.00972588056455,-0.0359724349648,0.948339970664,-1.02880859375,-0.0029296875,-0.048583984375,
5.93075895309,-0.00972588056455,-0.0359724349648,0.948339970664,-1.02880859375,-0.0029296875,-0.048583984375,
5.93080210686,-0.00972588056455,-0.0359724349648,0.948339970664,-1.02880859375,-0.0029296875,-0.048583984375,
5.96272397041,-0.0434333844389,-0.00319754977465,0.957266463785,-0.98486328125,0.106689453125,-0.034423828125,
5.96381902695,-0.0434333844389,-0.00319754977465,0.957266463785,-0.98486328125,0.106689453125,-0.034423828125,
5.99576210976,-0.0450321593263,-0.0151883614296,0.978450231042,-0.977783203125,0.1171875,-0.048828125,
6.027780056,-0.0317090352652,-0.0237151608286,0.971388975289,-0.95849609375,0.136962890625,-0.031494140625,
6.05984401703,-0.0366385911678,-0.0210505360164,0.977384381117,-0.974853515625,0.207763671875,-0.0263671875,
6.06732392311,-0.0366385911678,-0.0210505360164,0.977384381117,-0.974853515625,0.207763671875,-0.0263671875,
6.09959697723,-0.0546248086502,-0.0270459418439,0.972588056455,-0.95703125,0.232177734375,-0.04150390625,
6.13160395622,-0.0482297091009,-0.0237151608286,0.970456356605,-0.958251953125,0.249267578125,-0.0478515625,
6.16324710846,-0.0273124043251,-0.0258468606784,0.964327719537,-0.942626953125,0.26806640625,-0.03369140625,
6.19512009621,-0.0367718224084,-0.0247810107535,0.960064319837,-0.9345703125,0.349853515625,-0.040283203125,
6.22691106796,-0.0523598775598,-0.0250474732347,0.955534457657,-0.906982421875,0.3720703125,-0.04345703125,
6.25870609283,-0.02837825425,-0.0325084227089,0.944076570964,-0.9072265625,0.36474609375,-0.035400390625,
6.27450609207,-0.02837825425,-0.0325084227089,0.944076570964,-0.9072265625,0.36474609375,-0.035400390625,
6.30626702309,-0.0213169984976,-0.020517611054,0.934617152881,-0.900390625,0.4091796875,-0.033203125,
6.3382229805,-0.046497702973,-0.023581929588,0.926889740926,-0.875244140625,0.469482421875,-0.03369140625,
6.37013101578,-0.0468973966948,-0.0242480857911,0.919295560211,-0.874267578125,0.461181640625,-0.041015625,
6.40192508698,-0.0281117917688,-0.0163874425951,0.913300154383,-0.848388671875,0.46142578125,-0.037353515625,
6.43394112587,-0.0201179173321,-0.0178529862418,0.906505361112,-0.826416015625,0.533935546875,-0.0322265625,
6.46565699577,-0.036238897446,-0.022915773385,0.892116387126,-0.818115234375,0.59765625,-0.0322265625,
6.47304201126,-0.036238897446,-0.022915773385,0.892116387126,-0.818115234375,0.59765625,-0.0322265625,
6.53700590134,-0.0375712098521,-0.0239816233098,0.883456356487,-0.781982421875,0.62744140625,-0.01708984375,
6.5687379837,-0.046497702973,-0.0197182236103,0.880658500434,-0.773193359375,0.644287109375,-0.028076171875,
6.56979107857,-0.046497702973,-0.0197182236103,0.880658500434,-0.773193359375,0.644287109375,-0.028076171875,
6.6338429451,-0.048895865304,-0.0233154671068,0.887320062464,-0.743408203125,0.65625,-0.043212890625,
6.63722896576,-0.0409019908673,-0.0289111792124,0.898911180397,-0.7275390625,0.649169921875,-0.03076171875,
6.66909193993,-0.0415681470704,-0.0183859112042,0.89504747442,-0.7021484375,0.67626953125,-0.01953125,
6.67227506638,-0.0415681470704,-0.0183859112042,0.89504747442,-0.7021484375,0.67626953125,-0.01953125,
6.73629808426,-0.033174578912,-0.0194517611291,0.897179174269,-0.685791015625,0.69873046875,-0.037841796875,
6.73974108696,-0.031442572784,-0.0161209801138,0.89518070566,-0.649169921875,0.728271484375,-0.031494140625,
6.7715549469,-0.0317090352652,-0.0198514548509,0.884655437652,-0.638671875,0.7724609375,-0.0107421875,
6.77480697632,-0.0317090352652,-0.0198514548509,0.884655437652,-0.638671875,0.7724609375,-0.0107421875,
6.83879804611,-0.0401026034237,-0.0225160796631,0.889451762314,-0.605712890625,0.79736328125,-0.019775390625,
6.84198212624,-0.041035222108,-0.0210505360164,0.892382849607,-0.5859375,0.80908203125,-0.030029296875,
6.87390494347,-0.041701378311,-0.0217166922195,0.90157580521,-0.5673828125,0.8037109375,-0.035400390625,
6.90559697151,-0.041701378311,-0.0250474732347,0.897578867991,-0.545166015625,0.80517578125,-0.0419921875,
6.9697239399,-0.0409019908673,-0.0161209801138,0.884522206411,-0.51416015625,0.85302734375,-0.019775390625,
6.96981692314,-0.0405022971455,-0.0226493109037,0.904506892503,-0.493408203125,0.8466796875,-0.02392578125,
6.97745394707,-0.0405022971455,-0.0226493109037,0.904506892503,-0.493408203125,0.8466796875,-0.02392578125,
7.00905799866,-0.0407687596267,-0.0203843798134,0.896113324345,-0.465576171875,0.86376953125,-0.019287109375,
7.04091596603,-0.0370382848897,-0.0169203675575,0.891050537201,-0.422119140625,0.887451171875,-0.031982421875,
7.07293105125,-0.0343736600774,-0.021183767257,0.904640123744,-0.40771484375,0.879638671875,-0.02490234375,
7.08056712151,-0.0343736600774,-0.021183767257,0.904640123744,-0.40771484375,0.879638671875,-0.02490234375,
7.11256194115,-0.0345068913181,-0.0275788668063,0.89731240551,-0.37451171875,0.91796875,-0.026611328125,
7.14448308945,-0.0343736600774,-0.0218499234601,0.894114855735,-0.340576171875,0.925048828125,-0.01220703125,
7.14456391335,-0.0343736600774,-0.0218499234601,0.894114855735,-0.340576171875,0.925048828125,-0.01220703125,
7.1477329731,-0.0343736600774,-0.0218499234601,0.894114855735,-0.340576171875,0.925048828125,-0.01220703125,
7.16345691681,-0.0343736600774,-0.0218499234601,0.894114855735,-0.340576171875,0.925048828125,-0.01220703125,
7.17107391357,-0.0343736600774,-0.0218499234601,0.894114855735,-0.340576171875,0.925048828125,-0.01220703125,
7.20300912857,-0.0343736600774,-0.0218499234601,0.894114855735,-0.340576171875,0.925048828125,-0.01220703125,
7.20309901237,-0.0343736600774,-0.0218499234601,0.894114855735,-0.340576171875,0.925048828125,-0.01220703125,
7.21918296814,-0.0343736600774,-0.0218499234601,0.894114855735,-0.340576171875,0.925048828125,-0.01220703125,
7.25100708008,-0.0343736600774,-0.0218499234601,0.894114855735,-0.340576171875,0.925048828125,-0.01220703125,
7.25424790382,-0.0343736600774,-0.0218499234601,0.894114855735,-0.340576171875,0.925048828125,-0.01220703125,
7.28620696068,-0.0343736600774,-0.0218499234601,0.894114855735,-0.340576171875,0.925048828125,-0.01220703125,
7.2872209549,-0.0343736600774,-0.0218499234601,0.894114855735,-0.340576171875,0.925048828125,-0.01220703125,
7.31921505928,-0.0343736600774,-0.0218499234601,0.894114855735,-0.340576171875,0.925048828125,-0.01220703125,
7.31934404373,-0.0343736600774,-0.0218499234601,0.894114855735,-0.340576171875,0.925048828125,-0.01220703125,
7.35109710693,-0.0343736600774,-0.0218499234601,0.894114855735,-0.340576171875,0.925048828125,-0.01220703125,
7.35864901543,-0.0343736600774,-0.0218499234601,0.894114855735,-0.340576171875,0.925048828125,-0.01220703125,
7.37449812889,-0.0343736600774,-0.0218499234601,0.894114855735,-0.340576171875,0.925048828125,-0.01220703125,
7.3904569149,-0.0343736600774,-0.0218499234601,0.894114855735,-0.340576171875,0.925048828125,-0.01220703125,
7.45456409454,-0.0353062787617,-0.0159877488732,0.884388975171,-0.14013671875,0.962158203125,-0.009765625,
7.45470094681,-0.0353062787617,-0.0159877488732,0.884388975171,-0.14013671875,0.962158203125,-0.009765625,
7.45484209061,-0.0353062787617,-0.0159877488732,0.884388975171,-0.14013671875,0.962158203125,-0.009765625,
7.46210312843,-0.0353062787617,-0.0159877488732,0.884388975171,-0.14013671875,0.962158203125,-0.009765625,
7.49399709702,-0.0289111792124,-0.0329081164307,0.890917305961,-0.090087890625,0.958251953125,-0.0234375,
7.52555894852,-0.0254471669566,-0.0234486983474,0.907171517315,0.002197265625,1.00122070312,-0.0234375,
7.53320813179,-0.0254471669566,-0.0234486983474,0.907171517315,0.002197265625,1.00122070312,-0.0234375,
7.56542801857,-0.0329081164307,-0.0269127106033,0.913966310586,0.02197265625,1.00073242188,-0.010498046875,
7.62951207161,-0.0325084227089,-0.0221163859413,0.931952528069,0.06103515625,0.995361328125,-0.01220703125,
7.63056612015,-0.0359724349648,-0.0195849923697,0.94754058322,0.08984375,1.0068359375,-0.0263671875,
7.69478106499,-0.0390367534988,-0.0221163859413,0.949938745551,0.114990234375,0.9677734375,-0.024658203125,
7.69838500023,-0.038637059777,-0.0245145482723,0.935549771565,0.149658203125,0.971923828125,-0.03076171875,
7.73008799553,-0.0303767228591,-0.0246477795129,0.925424197279,0.168701171875,0.962646484375,-0.02880859375,
7.76187300682,-0.0318422665059,-0.0202511485728,0.903174580097,0.222900390625,0.969970703125,-0.02001953125,
7.82608604431,-0.0339739663556,-0.0151883614296,0.902375192653,0.27587890625,0.96240234375,-0.006103515625,
7.82614302635,-0.0397029097019,-0.0222496171819,0.896646249307,0.27294921875,0.97021484375,-0.01513671875,
7.83371901512,-0.0397029097019,-0.0222496171819,0.896646249307,0.27294921875,0.97021484375,-0.01513671875,
7.86570191383,-0.0357059724835,-0.0206508422946,0.885987750058,0.303466796875,0.94482421875,-0.02294921875,
7.89762091637,-0.0335742726338,-0.0261133231596,0.867868301335,0.330078125,0.925537109375,-0.0146484375,
7.96176290512,-0.033174578912,-0.0203843798134,0.840156203288,0.352783203125,0.936279296875,-0.00537109375,
7.96185112,-0.033174578912,-0.0203843798134,0.840156203288,0.352783203125,0.936279296875,-0.00537109375,
7.97758793831,-0.0347733537993,-0.0189188361667,0.82310260449,0.387451171875,0.922607421875,-0.0234375,
8.00970411301,-0.0358392037242,-0.0155880551514,0.812977030204,0.413818359375,0.912109375,-0.0185546875,
