0.010421037674,-0.0115911179331
0.0178959369659,-0.0117243491737
0.0816459655762,-0.010258805527
0.113202095032,-0.0101255742864
0.176909923553,-0.0119908116549
0.240611076355,-0.0125237366174
0.272203922272,-0.0117243491737
0.335905075073,-0.0107917304894
0.367707014084,-0.007860643196
0.431678056717,-0.00173200612793
0.495737075806,0.0311761103028
0.527652025223,0.047163859176
0.591690063477,0.0564900460187
0.655929088593,0.0995237367359
0.67183804512,0.118575804143
0.735913991928,0.116177641812
0.800142049789,0.162941807266
0.864538908005,0.214901991104
0.896404981613,0.258735069265
0.960458993912,0.267928024867
0.992433071136,0.272191424567
1.02440190315,0.303234303629
1.02462410927,0.303234303629
1.08862805367,0.317623277615
1.15277504921,0.34720061303
1.2170009613,0.38637059777
1.24911689758,0.41035222108
1.31336092949,0.416214395666
1.34527206421,0.422476263975
1.37714004517,0.444992343638
1.4416179657,0.48696018443
1.47358107567,0.516937213568
1.53800702095,0.551444104886
1.60215306282,0.597542114137
1.66625094414,0.635646248952
1.69827008247,0.672151608879
1.73039889336,0.717583461927
1.7948050499,0.743430322605
1.858700037,0.785797857119
1.92319512367,0.821503829603
1.95506501198,0.854545177274
1.98702001572,0.868800920019
2.01921892166,0.890517612239
2.08343911171,0.909969373368
2.09917807579,0.91703062912
2.16317296028,0.941811639874
2.1789290905,0.941678408633
2.24307203293,0.955267995176
2.24332499504,0.955267995176
2.30733299255,0.968058194274
2.33911299706,0.97365390638
2.40326595306,0.977117918636
2.46754789352,1.00069984822
2.49940991402,1.02601378394
2.56370306015,1.04253445778
2.59561610222,1.03560643326
2.65969204903,1.02761255883
2.72353696823,1.03467381458
2.75504302979,1.04999540725
2.81892204285,1.04053598917
2.8825199604,1.04386677018
2.94663095474,1.0442664639
2.97868800163,1.02867840875
3.01085710526,1.05679020052
3.07492494583,1.01042572879
3.13896298409,1.02041807183
3.20321512222,0.988176111606
3.23508310318,0.955534457657
3.26697897911,0.939546708784
3.33121800423,0.928088822091
3.39559602737,0.928088822091
3.39578199387,0.921693722542
3.42759609222,0.91250076694
3.45964598656,0.901042880247
3.52392101288,0.875728944531
3.58812999725,0.8733307822
3.62003397942,0.86027412062
3.68378996849,0.875196019569
3.69937396049,0.881857581599
3.73109793663,0.873464013441
3.7949090004,0.888385912389
3.85873389244,0.893049005811
3.92288208008,0.894647780698
3.9552090168,0.918629404008
4.01913094521,0.926356815963
4.05105805397,0.948872895626
4.06669306755,0.960863707281
4.1310749054,0.963528332093
4.16298604012,0.971788669011
4.19493293762,0.96939050668
4.21071600914,0.96939050668
4.21174502373,0.96939050668
4.24383211136,0.96939050668
4.24418306351,0.96939050668
4.27582097054,0.96939050668
4.27608990669,0.96939050668
4.30799508095,0.983646249426
4.37223505974,0.988309342847
4.43610906601,0.993771823712
4.50040602684,0.969124044199
4.53247404099,0.937281777693
4.59663701057,0.917963247805
4.62889504433,0.903574273819
4.64442896843,0.903574273819
4.65223193169,0.903574273819
4.68453598022,0.903574273819
4.68474793434,0.903574273819
4.71636891365,0.894647780698
4.73240089417,0.894647780698
4.73579406738,0.894647780698
4.76767110825,0.894647780698
4.76785612106,0.894647780698
4.7752020359,0.894647780698
4.8070089817,0.894647780698
4.83873796463,0.895980093104
4.90279603004,0.910768760812
4.96675205231,0.916098010436
4.97014904022,0.925157734798
5.0341360569,0.941145483671
5.06600308418,0.931286371866
5.12998890877,0.92782235961
5.19404006004,0.910901992052
5.22610902786,0.879059725546
5.29010510445,0.85574425844
5.30579400063,0.84481929671
5.36979389191,0.839490047085
5.40160012245,0.827232772949
5.46558904648,0.815641655016
5.52966189384,0.797255743812
5.5297961235,0.797255743812
5.53713011742,0.797255743812
5.56884288788,0.797255743812
5.56890702248,0.797255743812
5.60077404976,0.797255743812
5.63264703751,0.82749923543
5.6484079361,0.82749923543
5.65592288971,0.82749923543
5.68780994415,0.82749923543
5.6879389286,0.82749923543
5.70350408554,0.82749923543
5.71099805832,0.82749923543
5.77502012253,0.829897397761
5.80686903,0.841088821973
5.87095093727,0.84481929671
5.93489408493,0.856943339605
5.99898695946,0.861606433027
6.00241303444,0.871998469794
6.06643891335,0.869600307463
6.13046693802,0.88638744378
6.14625406265,0.875062788328
6.21023106575,0.888785606111
6.21037793159,0.888785606111
6.22611308098,0.888785606111
6.24180793762,0.888785606111
6.25757908821,0.888785606111
6.32163190842,0.897445636751
6.32496595383,0.889052068592
6.35687088966,0.889052068592
6.35700297356,0.889052068592
6.38869905472,0.889052068592
6.38882899284,0.889052068592
6.4205520153,0.889052068592
6.45243096352,0.913300154383
6.48432207108,0.912900460661
6.51613807678,0.924491578595
6.58013510704,0.939013783821
6.64388799667,0.933684534197
6.67539906502,0.958065851228
6.70695495605,0.965793263184
6.7385430336,0.976451762433
6.8022480011,1.00536294164
6.8659529686,1.02294946541
6.92986392975,1.03627258947
6.9617099762,1.03160949605
7.02576088905,1.03280857721
7.04154109955,1.02361562161
7.10560107231,1.01095865375
7.13750600815,1.02081776556
7.201390028,1.02614701518
7.26506400108,1.04972894477
7.32877206802,1.04639816375
7.3603720665,1.0691807059
7.39197611809,1.06691577481
7.45596599579,1.11034915925
7.51991796494,1.13752833233
7.53560590744,1.15311638748
7.54314088821,1.15311638748
7.60721492767,1.18589127267
7.67109298706,1.19561715324
7.73477506638,1.18935528493
7.76637291908,1.16883767387
7.83008003235,1.1302006141
7.86168003082,1.10049004744
7.89345002174,1.074776418
7.95750999451,1.03254211473
8.02156496048,0.994704442396
