0.00280904769897,0.00879326188028
0.0184459686279,0.0129234303392
0.0821900367737,0.0135895865422
0.113785028458,0.0153215926702
0.177490949631,0.00732771823356
0.24116897583,0.0162542113545
0.272767066956,0.013323124061
0.336450099945,0.0101255742864
0.368202924728,0.0149218989483
0.432140111923,0.00866003063967
0.496057033539,0.00586217458685
0.527849912643,-0.020517611054
0.591844081879,-0.0430336907171
0.656083106995,-0.0523598775598
0.671696901321,-0.0763415008697
0.73606300354,-0.0952603370363
0.800327062607,-0.165739663319
0.864281892776,-0.169736600537
0.896219015121,-0.189055130426
0.960623025894,-0.226226646556
0.992619037628,-0.278186830394
1.02451300621,-0.29683920408
1.02469706535,-0.29683920408
1.08846497536,-0.306431853404
1.15294694901,-0.347600306752
1.21723198891,-0.353462481339
1.24926710129,-0.364920368031
1.3131980896,-0.385970904048
1.34508299828,-0.399960184312
1.37730097771,-0.423009188938
1.44143390656,-0.43673200672
1.4737610817,-0.470572741835
1.53782892227,-0.488558959318
1.60232496262,-0.526929556614
1.66643810272,-0.564633997706
1.69844889641,-0.60247167004
1.73056006432,-0.632715161658
1.79463791847,-0.65722970993
1.85886311531,-0.696799388392
1.92300605774,-0.745295559974
1.95522093773,-0.775805514074
1.98717308044,-0.78366615727
2.01902699471,-0.817240429903
2.08328294754,-0.818839204791
2.09900999069,-0.842021440657
2.16334795952,-0.856143952161
2.17902207375,-0.860407351861
2.24341011047,-0.866935682651
2.24351811409,-0.871732007313
2.3071410656,-0.887186831224
2.33929109573,-0.900643186525
2.40343403816,-0.897845330473
2.46770596504,-0.905039817465
2.49960112572,-0.926623278444
2.56354808807,-0.955001532694
2.59577012062,-0.957399695025
2.65980100632,-0.947807045701
2.72342300415,-0.960996938522
2.75515890121,-0.973520675139
2.81881999969,-0.968990812958
2.8826110363,-0.976584993673
2.94682002068,-0.979516080967
2.97858095169,-0.990574273937
3.01068902016,-0.991906586343
3.07475996017,-0.961130169762
3.1387989521,-0.926756509685
3.20302891731,-0.914232773068
3.23524594307,-0.885854518818
3.26714110374,-0.872264932275
3.33139705658,-0.860007658139
3.39542889595,-0.842421134379
3.3956849575,-0.836958653514
3.42743611336,-0.836958653514
3.45946407318,-0.826699847987
3.52376103401,-0.817506892385
3.58795905113,-0.802318530955
3.61985993385,-0.801519143511
3.68388795853,-0.794324656518
3.69928193092,-0.801385912271
3.73101091385,-0.812577336482
3.79479289055,-0.804316999564
3.85863399506,-0.815508423775
3.92304110527,-0.832428791333
3.955037117,-0.831229710167
4.01897907257,-0.865736601485
4.05125308037,-0.864137826598
4.06686592102,-0.86453752032
4.13090395927,-0.880525269193
4.16313505173,-0.885188362615
4.19475197792,-0.896513018066
4.21051907539,-0.899177642879
4.21186804771,-0.899177642879
4.24399995804,-0.905439511187
4.24407911301,-0.905439511187
4.27598905563,-0.905439511187
4.27618789673,-0.912900460661
4.30782389641,-0.912900460661
4.37208509445,-0.903041348856
4.43626594543,-0.901309342728
4.50057506561,-0.891983155886
4.53264904022,-0.857875958289
4.59680891037,-0.848683002687
4.62873005867,-0.812843798963
4.6445980072,-0.813509955166
4.65238308907,-0.813509955166
4.68433403969,-0.821104135881
4.68465304375,-0.821104135881
4.71653604507,-0.821104135881
4.73221206665,-0.809513017948
4.73975491524,-0.809646249189
4.77172994614,-0.809646249189
4.77186012268,-0.809246555467
4.77286410332,-0.809246555467
4.80474495888,-0.811644717798
4.83663201332,-0.815108730054
4.90066003799,-0.8208376734
4.96472191811,-0.824168454415
4.97248792648,-0.837891272198
5.03647303581,-0.846151609116
5.05208802223,-0.840955590732
5.11610293388,-0.849482390131
5.18014192581,-0.843087290582
5.24407505989,-0.829364472799
5.30815792084,-0.814575805091
5.3082818985,-0.798055131255
5.37213301659,-0.772474733058
5.40395307541,-0.765280246065
5.46788406372,-0.759284840238
5.53192400932,-0.739566616628
5.53204202652,-0.740898929034
5.53529691696,-0.740898929034
5.56724405289,-0.748359878508
5.56731891632,-0.748359878508
5.59904003143,-0.740632466552
5.63080501556,-0.740632466552
5.64647889137,-0.743563553846
5.6539978981,-0.754621746816
5.68579101562,-0.754621746816
5.68588590622,-0.754888209298
5.71754002571,-0.754888209298
5.71764111519,-0.765946402268
5.74919199944,-0.765946402268
5.81326007843,-0.760750383885
5.87717700005,-0.773274120502
5.94124698639,-0.778869832608
5.97312998772,-0.775405820352
6.00490689278,-0.790727413022
6.06893491745,-0.791926494187
6.13294005394,-0.796056662646
6.14860296249,-0.810445636632
6.21253204346,-0.798454824977
6.21265006065,-0.797122512571
6.22820091248,-0.801519143511
6.23575901985,-0.801519143511
6.26762390137,-0.81870597355
6.29954504967,-0.81870597355
6.33140802383,-0.815508423775
6.34701299667,-0.819238898512
6.3545999527,-0.819238898512
6.3863530159,-0.826699847987
6.38643097878,-0.826699847987
6.41814494133,-0.83389433498
6.44994902611,-0.83389433498
6.48181605339,-0.83402756622
6.51375389099,-0.838157734679
6.57757711411,-0.852546708665
6.64156794548,-0.856010720921
6.67310595512,-0.86027412062
6.73676991463,-0.872931088478
6.73683905602,-0.907038286075
6.80049204826,-0.907704442278
6.86415910721,-0.926756509685
6.92808794975,-0.937415008934
6.95987391472,-0.935150077843
7.02381300926,-0.949539051829
7.05564308167,-0.947007658258
7.08742189407,-0.948339970664
7.15136599541,-0.947140889498
7.21519207954,-0.946474733295
7.24677705765,-0.937281777693
7.31048297882,-0.9563338451
7.37418699265,-0.954601838972
7.38967108727,-0.972454825214
7.45361804962,-0.984045943147
7.51761198044,-0.953802451529
7.53322410583,-1.01082542251
7.54896092415,-1.03707197691
7.61295390129,-1.00176569815
7.67675590515,-1.06238591263
7.74054694176,-1.09929096628
7.77214002609,-1.10635222203
7.83587408066,-1.08290352368
7.86746811867,-1.09276263549
7.88293790817,-1.07264471815
7.94701504707,-1.06758193101
8.01110911369,-1.0308101086
