0.0108499526978,-0.00826033691784
0.0745379924774,-0.0111914242113
0.0778031349182,-0.0105252680082
0.141688108444,-0.0127901990986
0.205641031265,-0.0113246554519
0.237501144409,-0.00932618684272
0.301552057266,-0.00959264932394
0.333469152451,-0.000666156203051
0.349267959595,0.0115911179331
0.41339302063,0.0214502297383
0.445248126984,0.0270459418439
0.477159976959,0.036238897446
0.508964061737,0.0520934150786
0.573032140732,0.0808713630504
0.588798999786,0.0947274120739
0.65278506279,0.10258805527
0.716779947281,0.155614089033
0.781010150909,0.205975497983
0.782124996185,0.227958652684
0.846020936966,0.284448698703
0.877585172653,0.315491577765
0.941286087036,0.356926493595
0.956767082214,0.379176110777
0.988319158554,0.408620214952
1.05202007294,0.452852986834
1.1158850193,0.515471669921
1.14769816399,0.560503829247
1.21162104607,0.594344564362
1.27535414696,0.629650843124
1.27861714363,0.629650843124
1.2859621048,0.629650843124
1.31750202179,0.629650843124
1.32485198975,0.629650843124
1.35649609566,0.629650843124
1.35669898987,0.629650843124
1.42025208473,0.73796784174
1.48425412178,0.793525269075
1.51593494415,0.819638592234
1.53160309792,0.855211333477
1.59580302238,0.895580399382
1.59588909149,0.895580399382
1.59607410431,0.895580399382
1.62786316872,0.895580399382
1.62805509567,0.895580399382
1.65981411934,0.895580399382
1.69185900688,1.03480704582
1.75610399246,1.09449464161
1.82038497925,1.13832771977
1.8278260231,1.15964471827
1.89181613922,1.16950383008
1.95577311516,1.17603216087
2.0201189518,1.1649739679
2.05185413361,1.13299847015
2.11589694023,1.11341347778
2.11722612381,1.11341347778
2.18121695518,1.11594487135
2.21305394173,1.09795865387
2.27705907822,1.10835069064
2.341132164,1.08583461097
2.40502500534,1.07824043026
2.43683314323,1.08343644864
2.46867108345,1.08610107345
2.53258705139,1.08530168601
2.59654116631,1.08077182383
2.66043496132,1.09729249767
2.69233202934,1.10875038436
2.75631308556,1.11647779631
2.78813815117,1.13473047628
2.8200480938,1.13926033846
2.88377809525,1.1479203691
2.91537594795,1.1620428806
2.97908115387,1.1492526815
3.04276609421,1.14512251305
3.10647296906,1.15844563711
3.11384797096,1.16977029256
3.17769694328,1.16910413635
3.24175906181,1.15271669376
3.25751209259,1.14552220677
3.32140612602,1.14911945026
3.35328698158,1.13832771977
3.38510608673,1.13859418226
3.44905400276,1.12806891425
3.51301503181,1.16284226805
3.54476809502,1.09076416688
3.57663106918,1.09236294176
3.60850906372,1.07997243639
3.67244410515,1.06678254357
3.73651504517,1.07064624954
3.80044412613,1.05958805657
3.8322019577,1.05825574417
3.89585900307,1.07544257421
3.91134595871,1.0563905068
3.94291114807,1.0599877503
4.00665807724,1.05865543789
4.0703959465,1.04519908259
4.13432502747,1.04613170127
4.19825696945,1.03240888349
4.19837403297,1.02481470277
4.26223802567,1.03041041488
4.32622313499,1.02814548379
4.39025306702,1.0344073521
4.45427513123,1.02254977168
4.486068964,1.01762021578
4.4861869812,1.01762021578
4.55009007454,1.03160949605
4.61399698257,1.06571669364
4.6458761692,1.03494027706
4.70992803574,1.03840428932
4.7256231308,1.03587289574
4.75747203827,1.03200918977
4.82142400742,1.04466615763
4.83704209328,1.04573200755
4.90070295334,1.04906278857
4.9644100666,1.06451761248
5.02809715271,1.08530168601
5.03546714783,1.08303675492
5.09935808182,1.08090505507
5.16346096992,1.08610107345
5.19531011581,1.08969831695
5.21104001999,1.09036447315
5.27489495277,1.06584992488
5.30646800995,1.03587289574
5.33803510666,1.01215773492
5.36960196495,0.983379786944
5.43327903748,0.938081165137
5.49697995186,0.91250076694
5.50024008751,0.895580399382
5.56407308578,0.885454825096
5.62814807892,0.849482390131
5.69224095345,0.830696785205
5.75621294975,0.823235835731
5.7881269455,0.81217764276
5.85214400291,0.821770292084
5.86783504486,0.829497704039
5.93179297447,0.846551302838
5.99579906464,0.859341501936
6.01152205467,0.869600307463
6.07547307014,0.879059725546
6.13955903053,0.879459419268
6.20355296135,0.890517612239
6.23530602455,0.898111792954
6.2993850708,0.912367535699
6.36330914497,0.911168454534
6.36345100403,0.911168454534
6.36354899406,0.911168454534
6.37909913063,0.911168454534
6.38260197639,0.911168454534
6.41443300247,0.911168454534
6.41456198692,0.911168454534
6.43020701408,0.911168454534
6.44597816467,0.911168454534
6.47781205177,0.911168454534
6.47793793678,0.911168454534
6.49360513687,0.911168454534
6.50131297112,0.911168454534
6.53310108185,0.911168454534
6.53331208229,0.911168454534
6.56540703773,0.911168454534
6.56559896469,0.911168454534
6.62963604927,0.987643186644
6.66169404984,1.01255742864
6.72593593597,1.02907810247
6.74158906937,1.03600612699
6.80578017235,1.06385145627
6.83758711815,1.0783736615
6.90182113647,1.08956508571
6.96593093872,1.07584226793
6.99802613258,1.06998009334
7.06237816811,1.06371822503
7.09444904327,1.07291118063
7.15842914581,1.07024655582
7.22260713577,1.05465850067
7.2546620369,1.04400000142
7.3187379837,1.05452526943
7.38304901123,1.03693874567
7.44709396362,1.03280857721
7.47898507118,1.03227565225
7.54310798645,1.04466615763
7.57515311241,1.05052833221
7.60711312294,1.06904747466
7.60742402077,1.06904747466
7.67143416405,1.08836600455
7.73553514481,1.09222971052
7.79995298386,1.08237059872
7.83185601234,1.08730015462
7.86337900162,1.06451761248
7.89496016502,1.05732312548
7.95877099037,1.00989280383
8.02260112762,0.964594182018
