0.0153601169586,0.00812710567723
0.0790710449219,0.0111914242113
0.079136133194,0.0111914242113
0.143023967743,0.0131898928204
0.206908941269,0.0135895865422
0.238811969757,0.0139892802641
0.302775144577,0.0171868300387
0.334759950638,0.0123905053768
0.350554943085,0.00546248086502
0.414529085159,-0.000532924962441
0.446488142014,-0.0149218989483
0.478353023529,-0.0199846860915
0.510272026062,-0.0297105666561
0.574340105057,-0.0261133231596
0.581917047501,-0.044765696845
0.645887136459,-0.0547580398908
0.709885120392,-0.116310873053
0.773888111115,-0.140958652566
0.78959107399,-0.177330781252
0.853435993195,-0.187056661817
0.868937969208,-0.216633997232
0.932646036148,-0.306032159682
0.964246034622,-0.332678407804
0.979737043381,-0.368517611528
1.04345607758,-0.372381317506
1.10739803314,-0.417679939313
1.17146015167,-0.433401225705
1.23547816277,-0.478966309994
1.26703596115,-0.499217458567
1.28249907494,-0.520934150786
1.28576397896,-0.535056662291
1.31736898422,-0.556107198307
1.32475805283,-0.556107198307
1.35639500618,-0.577024503083
1.35660004616,-0.577024503083
1.4203441143,-0.591147014588
1.48414301872,-0.643773354629
1.51602005959,-0.677614089744
1.531509161,-0.705059725309
1.59563207626,-0.705059725309
1.59599494934,-0.763681471178
1.59614706039,-0.763681471178
1.62768101692,-0.786197550841
1.6279771328,-0.786197550841
1.65965294838,-0.814709036332
1.69170713425,-0.814709036332
1.75594115257,-0.864004595357
1.8202290535,-0.928488515813
1.82797598839,-0.95846554495
1.89165711403,-0.97591883747
1.95592308044,-0.999633998299
2.01996612549,-1.01175804119
2.0519490242,-1.00416386048
2.11604499817,-0.987776417884
2.11918997765,-0.974453293823
2.18307304382,-0.955401226416
2.21493697166,-0.946075039573
2.27895402908,-0.931552834347
2.34295606613,-0.908637060962
2.40689206123,-0.922359878745
2.43873405457,-0.91036906709
2.47053599358,-0.930753446903
2.53453803062,-0.93221899055
2.59851312637,-0.920494641376
2.63037896156,-0.938614090099
2.69444108009,-0.937681471415
2.7584631443,-0.94540888337
2.77414011955,-0.960996938522
2.83805704117,-0.970056662883
2.86957502365,-0.979382849726
2.93326711655,-1.00536294164
2.99696993828,-0.990973967659
3.0285320282,-0.981248087095
3.09223294258,-0.986977030441
3.12383103371,-0.996702911005
3.18775606155,-1.00443032296
3.25168013573,-1.00443032296
3.25922393799,-0.977517612357
3.32327914238,-0.985245024313
3.35514116287,-0.978583462282
3.38696813583,-0.987376724163
3.45097899437,-0.96925727544
3.51502203941,-0.965260338221
3.54685306549,-0.957000001303
3.57877111435,-0.947807045701
3.61068105698,-0.937281777693
3.67461395264,-0.934883615362
3.73858809471,-0.937681471415
3.80267310143,-0.946741195776
3.83434700966,-0.948872895626
3.89801096916,-0.934883615362
3.91345906258,-0.937015315212
3.94505000114,-0.932352221791
4.00875902176,-0.913966310586
4.07250404358,-0.906638592353
4.13642311096,-0.899177642879
4.20041012764,-0.885588056336
4.20052909851,-0.883989281449
4.2644340992,-0.893448699532
4.32837510109,-0.887320062464
4.39245200157,-0.901176111488
4.42430305481,-0.891183768442
4.48828005791,-0.884522206411
4.48840308189,-0.886920368742
4.5522210598,-0.887986218667
4.61621809006,-0.889052068592
4.64816498756,-0.89065084348
4.71206212044,-0.905039817465
4.71957612038,-0.895846861863
4.75142407417,-0.905572742428
4.81539797783,-0.918496172767
4.84707212448,-0.929820828219
4.91076993942,-0.919562022692
4.97447514534,-0.93448392164
5.00603795052,-0.933018377994
5.03763413429,-0.945675345852
5.10148310661,-0.944875958408
5.16559815407,-0.948473201904
5.19743895531,-0.948206739423
5.21325302124,-0.947007658258
5.27704310417,-0.938081165137
5.29249095917,-0.927422665888
5.32408905029,-0.914366004308
5.38779997826,-0.87985911299
5.41939496994,-0.856410414643
5.48311114311,-0.826033691784
5.51470303535,-0.801519143511
5.57854294777,-0.785664625879
5.64257597923,-0.744362941289
5.67456197739,-0.730107198544
5.73849201202,-0.708790200047
5.80243015289,-0.699197550723
5.86643695831,-0.703993875385
5.86656093597,-0.718516080611
5.93047595024,-0.708390506325
5.99450802803,-0.731705973432
6.01024413109,-0.737168454297
6.07419300079,-0.741431853996
6.13831710815,-0.760750383885
6.20226812363,-0.765413477306
6.23401403427,-0.771542114374
6.29816412926,-0.768211333359
6.36221194267,-0.79245941915
6.3623521328,-0.804450230805
6.36236000061,-0.804450230805
6.37788915634,-0.80351761212
6.38133001328,-0.80351761212
6.41315507889,-0.810845330354
6.41328215599,-0.810845330354
6.44493699074,-0.806581930654
6.44505596161,-0.806581930654
6.47667694092,-0.825101073099
6.47679615021,-0.825101073099
6.49243307114,-0.82749923543
6.49997901917,-0.82749923543
6.53187799454,-0.822569679528
6.53322696686,-0.822569679528
6.5652141571,-0.833761103739
6.56550502777,-0.833761103739
6.62980008125,-0.841488515694
6.66187405586,-0.84934915889
6.72578215599,-0.854012252312
6.74147415161,-0.889851456036
6.8059489727,-0.89291577457
6.83776402473,-0.907837673518
6.90199303627,-0.913833079346
6.96609997749,-0.921960185023
6.99818301201,-0.920761103857
7.0622279644,-0.931286371866
7.09431505203,-0.916630935399
7.1585791111,-0.921160797579
7.22276806831,-0.908903523443
7.25454211235,-0.913699848105
7.31890511513,-0.890917305961
7.38289308548,-0.894248086976
7.44725394249,-0.883189894005
7.47906208038,-0.885188362615
7.54328203201,-0.887586524946
7.57532811165,-0.886920368742
7.60729908943,-0.892249618367
7.60752415657,-0.90823736724
7.67129302025,-0.925557428519
7.73570299149,-0.927555897129
7.79980111122,-0.949006126867
7.83172893524,-0.936482390249
7.86329007149,-0.93874732134
7.89505195618,-0.920627872617
7.95885896683,-0.91050229833
8.0227200985,-0.876661563215
