0.0271098613739,-0.0107917304894
0.0912690162659,-0.012656967858
0.123412847519,-0.0106584992488
0.187654972076,-0.00932618684272
0.251802921295,-0.000532924962441
0.267398834229,0.00719448699295
0.299497842789,0.0127901990986
0.331151008606,0.0199846860915
0.394862890244,0.0270459418439
0.458640813828,0.0329081164307
0.522421836853,0.0349065850399
0.525782823563,0.0690137826361
0.589635848999,0.0891316999683
0.62167596817,0.103653905195
0.685560941696,0.110848392188
0.749866962433,0.17253445659
0.781651973724,0.22715926524
0.845752954483,0.316823890171
0.877502918243,0.324284839645
0.909523010254,0.381307810627
0.94146490097,0.381307810627
1.00543785095,0.423808576381
1.03744888306,0.49335528398
1.1018409729,0.520534457064
1.16604089737,0.554375192179
1.18189501762,0.589148545979
1.24604296684,0.599407351506
1.30993390083,0.600206738949
1.37383580208,0.633248086621
1.40565681458,0.652300154028
1.46952199936,0.668954059104
1.53337693214,0.679212864631
1.54876089096,0.698931088241
1.58068394661,0.708124043844
1.61276698112,0.707724350122
1.64462780952,0.71824961813
1.6767179966,0.726376723807
1.74066281319,0.744629403771
1.7564458847,0.739300154146
1.82069897652,0.754754978057
1.88496994972,0.769010720802
1.94906687737,0.7860643196
1.98119688034,0.802052068474
2.01316285133,0.812444105241
2.07712197304,0.823235835731
2.14137601852,0.837225115995
2.20558285713,0.845618684153
2.23742294312,0.871598776072
2.30167484283,0.892649312089
2.33371591568,0.910901992052
2.39736795425,0.918762635248
2.40483784676,0.920094947654
2.46869897842,0.92995405946
2.46904397011,0.92995405946
2.46911787987,0.92995405946
2.48433494568,0.92995405946
2.49183893204,0.92995405946
2.52356886864,0.92995405946
2.52372789383,0.92995405946
2.53101086617,0.92995405946
2.56324791908,0.92995405946
2.563341856,0.92995405946
2.57907485962,0.92995405946
2.58698987961,0.92995405946
2.61916899681,0.92995405946
2.61924386024,0.92995405946
2.65118479729,0.92995405946
2.65136599541,0.92995405946
2.68306899071,0.880924962915
2.69063687325,0.880924962915
2.72281885147,0.857476264568
2.78673386574,0.853479327349
2.85098195076,0.840955590732
2.91523599625,0.847883615244
2.92294287682,0.856143952161
2.98720502853,0.85574425844
3.05160999298,0.858275652011
3.11570191383,0.860673814342
3.14780688286,0.867068913892
3.21201491356,0.878393569343
3.24398779869,0.88212404408
3.30821681023,0.893182237051
3.32413387299,0.902908117616
3.35613083839,0.895313936901
3.38820695877,0.912101073218
3.41996097565,0.920761103857
3.45216393471,0.90597243615
3.48428702354,0.914366004308
3.54830598831,0.900110261563
3.56397390366,0.893448699532
3.62821602821,0.869733538704
3.69201898575,0.854012252312
3.75600099564,0.829098010318
3.763422966,0.826033691784
3.79521894455,0.807381318098
3.85897088051,0.802052068474
3.92289590836,0.790727413022
3.93842792511,0.788728944413
4.00258398056,0.800719756068
4.03454184532,0.801918837233
4.09839987755,0.801519143511
4.16258597374,0.816840736181
4.16600179672,0.807248086858
4.19808101654,0.811511486557
4.26199579239,0.810445636632
4.2943239212,0.812444105241
4.35816383362,0.810845330354
4.37361192703,0.8165742737
4.40545201302,0.815241961294
4.46922087669,0.836292497311
4.48484992981,0.831629403889
4.54865479469,0.855611027199
4.61246180534,0.847217459041
4.67661786079,0.830430322724
4.68421792984,0.819771823475
4.74841880798,0.836292497311
4.8123588562,0.850947933778
4.87618899345,0.876261869494
4.90801286697,0.870133232426
4.9717669487,0.903307811338
5.03557395935,0.916497704158
5.05133986473,0.926889740926
5.11559796333,0.939679940024
5.17946100235,0.94967228307
5.24344801903,0.965793263184
5.30779099464,0.960464013559
5.33943390846,0.963128638372
5.371062994,0.972588056455
5.40273284912,0.960464013559
5.43441390991,0.976318531192
5.43464779854,0.976318531192
5.46632194519,0.976318531192
5.46650600433,0.976318531192
5.48190379143,0.976318531192
5.51358985901,0.976318531192
5.54526591301,0.96725880683
5.57713699341,0.97152220653
5.64143586159,0.978450231042
5.70550680161,0.992173048825
5.76973700523,1.00069984822
5.80147981644,1.02015160935
5.86591696739,1.04146860785
5.89798092842,1.04959571353
5.92981982231,1.08796631082
5.99426198006,1.10715160947
6.02583789825,1.12140735222
6.09004092216,1.15045176267
6.12196087837,1.14552220677
6.15403699875,1.14752067538
6.18617582321,1.13632925116
6.25032281876,1.13113323278
6.31438779831,1.09369525417
6.32189798355,1.07704134909
6.35361289978,1.05199387586
6.41747283936,0.98897549905
6.43320298195,0.973387443899
6.4970908165,0.940079633746
6.56127285957,0.913033691902
6.62546086311,0.907171517315
6.68946790695,0.893848393254
6.68963289261,0.891983155886
6.75348782539,0.896379786826
6.81792402267,0.910768760812
6.83359599113,0.931153140625
6.89775180817,0.922626341226
6.9134979248,0.923292497429
6.97783279419,0.935949465287
7.04174494743,0.945808577092
7.10564684868,0.932618684272
7.13757395744,0.931153140625
7.1696138382,0.936082696528
7.23368501663,0.936215927768
7.26580786705,0.933151609234
7.3300588131,0.933151609234
7.39402699471,0.924225116113
7.4262509346,0.902641655134
7.45811486244,0.912234304458
7.49023079872,0.891983155886
7.52241802216,0.895980093104
7.58640694618,0.896379786826
7.58657193184,0.907038286075
7.65049982071,0.887320062464
7.6664018631,0.881857581599
7.69847297668,0.893182237051
7.76238679886,0.888918837352
7.77795886993,0.889052068592
7.84186387062,0.896779480548
7.85750889778,0.899044411638
7.92139792442,0.911701379496
7.95320296288,0.925424197279
7.9688398838,0.924358347354
