0.0272629261017,0.00932618684272
0.0914368629456,0.0149218989483
0.123247861862,0.013323124061
0.187497854233,0.00972588056455
0.251644849777,-0.00106584992488
0.267563819885,-0.00532924962441
0.299345016479,-0.00746094947417
0.331022977829,-0.00852679939906
0.394754886627,-0.0141225115047
0.458549022675,-0.0289111792124
0.522540807724,-0.0263797856408
0.525875806808,-0.0322419602277
0.589735984802,-0.0507611026725
0.621517896652,-0.0655497703802
0.685431957245,-0.0843353753063
0.74963593483,-0.105252680082
0.781466960907,-0.175865237606
0.845595836639,-0.267794793627
0.87767291069,-0.281784073891
0.909675836563,-0.314159265359
0.941627979279,-0.355194487467
1.00561285019,-0.41488208326
1.03762102127,-0.469506891911
1.10166788101,-0.48243032225
1.16587400436,-0.522266463192
1.18171882629,-0.545581930299
1.24588489532,-0.559970904285
1.31008887291,-0.586750383648
1.37394380569,-0.599007657784
1.40553879738,-0.626320062109
1.46942687035,-0.645372129516
1.53325796127,-0.658162328615
1.54886293411,-0.667888209179
1.58084988594,-0.682277183165
1.61291384697,-0.700663094369
1.64480495453,-0.701462481813
1.67654585838,-0.720781011701
1.74082899094,-0.725577336363
1.75661587715,-0.736768760575
1.82079601288,-0.737168454297
1.88482499123,-0.75528790302
1.94924688339,-0.762215927531
1.98105096817,-0.776871363998
2.012996912,-0.796989281331
2.07726383209,-0.802451762196
2.14156389236,-0.820171517197
2.20541596413,-0.842421134379
2.23757195473,-0.851081165018
2.30184483528,-0.877194488178
2.33358502388,-0.897712099232
2.39745688438,-0.898111792954
2.40492892265,-0.907571211037
2.4688038826,-0.912767229421
2.4688808918,-0.906505361112
2.46894192696,-0.906505361112
2.48441886902,-0.906505361112
2.49192881584,-0.89731240551
2.523665905,-0.89731240551
2.52384781837,-0.885721287577
2.53109693527,-0.885721287577
2.56304693222,-0.883722818968
2.5634329319,-0.883722818968
2.5792119503,-0.87319755096
2.58681702614,-0.87319755096
2.61893200874,-0.868401226298
2.61906695366,-0.868401226298
2.6510219574,-0.860540583102
2.65129780769,-0.860540583102
2.68290996552,-0.852679939906
2.69053983688,-0.852679939906
2.72264885902,-0.847483921522
2.78690195084,-0.832295560092
2.85113692284,-0.825101073099
2.91539502144,-0.833627872498
2.92310380936,-0.826300154265
2.98736286163,-0.834960184904
3.05142784119,-0.838957122123
3.11586999893,-0.830963247686
3.14796280861,-0.834693722423
3.2121899128,-0.837225115995
3.24416399002,-0.847883615244
3.30839085579,-0.882790200284
3.32428693771,-0.870532926147
3.35630583763,-0.874263400884
3.38803100586,-0.878127106862
3.42013692856,-0.878127106862
3.45201587677,-0.894914243179
3.48411893845,-0.892649312089
3.54813790321,-0.886920368742
3.56382679939,-0.887453293705
3.62804889679,-0.868267995057
3.69220495224,-0.866935682651
3.75609779358,-0.839090353363
3.76351189613,-0.731705973432
3.79513597488,-0.813110261444
3.85905480385,-0.794591119
3.92280983925,-0.782200613623
3.93834781647,-0.777404288961
4.00243401527,-0.771675345615
4.03438782692,-0.772474733058
4.09857201576,-0.781134763698
4.1627779007,-0.776738132758
4.16590499878,-0.807248086858
4.19792985916,-0.799653906143
4.26215791702,-0.772341501818
4.29416179657,-0.792192956669
4.35802388191,-0.798188362496
4.3737039566,-0.799254212421
4.40536093712,-0.798055131255
4.4693210125,-0.806182236933
4.48473787308,-0.804583462045
4.54854989052,-0.812310874001
4.6123650074,-0.810578867873
4.67681479454,-0.800453293586
4.68438696861,-0.804983155767
4.748265028,-0.809779480429
4.81227493286,-0.828964779077
4.87631893158,-0.841355284454
4.90789079666,-0.845352221672
4.97167086601,-0.857609495808
5.03566980362,-0.875728944531
5.051227808,-0.895846861863
5.11538386345,-0.901842267691
5.17961287498,-0.907304748556
5.24359893799,-0.92569065976
5.3076210022,-0.926889740926
5.33932995796,-0.938347627618
5.37096595764,-0.929154672016
5.40264391899,-0.936482390249
5.43454194069,-0.943543646002
5.43474292755,-0.943543646002
5.46620488167,-0.94087902119
5.46643185616,-0.94087902119
5.48179388046,-0.943543646002
5.51349496841,-0.943543646002
5.5453608036,-0.950471670514
5.57704496384,-0.958865238672
5.64127802849,-0.957666157507
5.70535588264,-0.950338439273
5.76957988739,-0.967791731793
5.8015999794,-0.983646249426
5.86574792862,-1.00003369202
5.89780497551,-1.00989280383
5.92998981476,-1.04160183909
5.99417591095,-1.04146860785
6.02596592903,-1.08849923579
6.09021186829,-1.10448698466
6.12212181091,-1.11967534609
6.15420794487,-1.12007503981
6.18634796143,-1.12007503981
6.25014591217,-1.11607810259
6.31455588341,-1.10568606582
6.32200598717,-1.09196324804
6.35370898247,-1.03520673954
6.41757082939,-0.998568148374
6.43309593201,-0.965926494424
6.49700784683,-0.944076570964
6.56112599373,-0.920361410136
6.62529993057,-0.89944410536
6.68934893608,-0.883722818968
6.68956398964,-0.885454825096
6.75363993645,-0.887053599983
6.81777787209,-0.888918837352
6.83375597,-0.903041348856
6.89792585373,-0.902375192653
6.91366696358,-0.913300154383
6.9776699543,-0.926090353482
7.04193091393,-0.924758041076
7.10580587387,-0.91689739788
7.13773393631,-0.906905054834
7.16975498199,-0.91703062912
7.23386383057,-0.914898929271
7.26566290855,-0.914898929271
7.32988595963,-0.914099541827
7.39418792725,-0.896379786826
7.42608880997,-0.904107198781
7.45829391479,-0.899977030322
7.49038600922,-0.883056662765
7.52225494385,-0.883056662765
7.5867099762,-0.880258806712
7.58679199219,-0.873730475922
7.65065479279,-0.874396632125
7.66657400131,-0.861073508064
7.69864988327,-0.868800920019
7.76250100136,-0.865736601485
7.77804493904,-0.890517612239
7.8419508934,-0.885454825096
7.85761880875,-0.893315468292
7.92131185532,-0.908903523443
7.953083992,-0.905439511187
7.96871685982,-0.898777949157
