0.0254089832306,-0.0101255742864
0.0893311500549,-0.00932618684272
0.120921134949,-0.0117243491737
0.152996063232,-0.00999234304577
0.21725320816,0.00373047473709
0.233300209045,0.00932618684272
0.297252178192,0.0234486983474
0.329279184341,0.0267794793627
0.39354801178,0.0476967841385
0.425639152527,0.0548912711314
0.489767074585,0.0562235835375
0.553912162781,0.0611531394401
0.585870027542,0.102987748992
0.61801815033,0.110448698466
0.682489156723,0.12883460967
0.746608018875,0.174000000237
0.810547113419,0.220897396932
0.842730998993,0.297905054005
0.906670093536,0.323751914683
0.970376014709,0.380908116905
0.977827072144,0.411551302245
1.04172706604,0.482297091009
1.10578799248,0.50867687665
1.12163615227,0.537321593381
1.18587899208,0.591147014588
1.24992418289,0.621923431169
1.31392908096,0.653099541471
1.34551620483,0.676148546097
1.40944314003,0.716384380761
1.44123601913,0.732771823356
1.47289800644,0.771675345615
1.53671813011,0.796456356368
1.60078716278,0.834960184904
1.63299608231,0.861473201786
1.69726419449,0.882656969043
1.71329116821,0.895846861863
1.77710819244,0.912767229421
1.77848815918,0.92995405946
1.84258699417,0.9343506904
1.87490010262,0.953935682769
1.906894207,0.938081165137
1.97083115578,0.953003064085
2.03525018692,0.958865238672
2.06734204292,0.957133232544
2.13152003288,0.970989281568
2.19540214539,0.976984687395
2.21128702164,0.987110261681
2.2754971981,0.979649312207
2.29155707359,0.990174580215
2.35580015182,1.02361562161
2.41987109184,1.04320061398
2.4841940403,1.0563905068
2.51591420174,1.06358499379
2.54804801941,1.07104594327
2.6122841835,1.07850689274
2.67652797699,1.06718223729
2.74086403847,1.06305206883
2.77292609215,1.06278560635
2.83721804619,1.03294180845
2.8691380024,1.03107657108
2.88467812538,1.02761255883
2.91640114784,1.02055130307
2.94803714752,1.01229096616
2.97978115082,1.01828637198
3.04363799095,1.01162480995
3.07532310486,1.00776110398
3.13920307159,0.998701379614
3.20355010033,0.975519143748
3.23537707329,0.971921900252
3.29961419106,0.964594182018
3.33166909218,0.976718224914
3.39586305618,0.96499387574
3.4601290226,0.968058194274
3.49218511581,0.98671056796
3.55601119995,0.998568148374
3.62043619156,0.986177642997
3.63619112968,0.982313937019
3.70032715797,0.970856050327
3.70776820183,0.970856050327
3.72381711006,0.970856050327
3.7555911541,0.970856050327
3.75586414337,0.970856050327
3.77142214775,0.970856050327
3.78736805916,0.970856050327
3.85170102119,0.926889740926
3.88323116302,0.917696785323
3.91487503052,0.90597243615
3.97883415222,0.887320062464
3.98218607903,0.904373661262
4.04585719109,0.897712099232
4.07766413689,0.88425574393
4.1417491436,0.889318531073
4.20599412918,0.887986218667
4.23826408386,0.896779480548
4.30213308334,0.895846861863
4.3340780735,0.899710567841
4.39816308022,0.899977030322
4.41423916817,0.898245024194
4.47838401794,0.896912711788
4.54231500626,0.905039817465
4.54352712631,0.905039817465
4.55891299248,0.905039817465
4.57491803169,0.905039817465
4.590747118,0.905039817465
4.60637807846,0.905039817465
4.67040109634,0.942477796077
4.7023460865,0.955401226416
4.73456811905,0.968857581718
4.79865598679,0.983513018185
4.86303210258,0.995104136118
4.92690014839,0.982980093222
4.95855617523,0.971122512808
5.02232909203,0.941678408633
5.08622097969,0.911301685774
5.15037417412,0.901042880247
5.15358614922,0.887186831224
5.21788907051,0.880125575471
5.21906805038,0.869866769944
5.28320503235,0.847883615244
5.31479406357,0.846151609116
5.34643006325,0.841088821973
5.37818312645,0.833494641258
5.44206905365,0.8470842278
5.50576710701,0.848150077725
5.53762817383,0.853079633627
5.56922507286,0.851614089981
5.60130119324,0.851614089981
5.60170006752,0.851614089981
5.61726713181,0.851614089981
5.6246650219,0.851614089981
5.65678811073,0.851614089981
5.65710520744,0.851614089981
5.66423010826,0.851614089981
5.72866606712,0.876395100734
5.76080703735,0.88212404408
5.79277014732,0.889318531073
5.8568880558,0.896779480548
5.87268018723,0.887586524946
5.90475201607,0.911301685774
5.96876215935,0.901842267691
6.03318715096,0.902375192653
6.06521511078,0.878127106862
6.12943720818,0.882656969043
6.19344115257,0.873730475922
6.20924901962,0.867735070095
6.24162817001,0.884921900133
6.30539798737,0.88199081284
6.36970019341,0.886520675021
6.43382906914,0.90170903645
6.46589303017,0.908637060962
6.52990007401,0.923292497429
6.56189703941,0.929154672016
6.62602519989,0.949938745551
6.65789699554,0.966326188146
6.68994307518,0.968591119237
6.7540371418,0.98471209935
6.81811904907,0.99563706108
6.88213706017,1.0052297104
6.91380214691,1.01335681608
6.97768998146,1.02468147153
7.00942707062,1.03747167063
7.07327318192,1.05239356958
7.10499620438,1.07664165537
7.13680815697,1.07997243639
7.16838812828,1.09875804131
7.23249411583,1.11407963398
7.26470899582,1.14818683158
7.29639315605,1.16524043038
7.32850503922,1.18562481019
7.39272618294,1.22066462647
7.45693612099,1.23918376892
7.48905420303,1.21999847027
7.55322909355,1.20374425891
7.61703419685,1.17243491737
7.63274502754,1.14379020064
7.66495800018,1.10515314086
7.72891497612,1.0698468621
7.79316115379,1.05172741338
7.79677414894,1.0436003077
7.8607301712,1.01642113462
7.92469406128,0.986044411756
7.98841905594,0.98031546841
8.02026319504,0.971255744049
