0.0254971981049,0.0134563553016
0.0892481803894,0.0106584992488
0.121009111404,0.0154548239108
0.153163194656,0.0146554364671
0.217419147491,-0.00359724349648
0.233133077621,-0.00692802451173
0.297402143478,-0.0151883614296
0.329428195953,-0.0273124043251
0.393403053284,-0.0287779479718
0.42547917366,-0.0474303216573
0.489588975906,-0.0512940276349
0.553766012192,-0.0542251149284
0.58603310585,-0.0626186830868
0.618194103241,-0.0997901992171
0.682348012924,-0.10471975512
0.74644613266,-0.112180704594
0.810707092285,-0.213569678698
0.842569112778,-0.252339969716
0.906575202942,-0.300436447576
0.970460176468,-0.365453292994
0.97790813446,-0.419411945441
1.04160499573,-0.470439510595
1.10562205315,-0.507611026725
1.12146806717,-0.525464012967
1.18573117256,-0.567165391278
1.25008106232,-0.605402757333
1.31381511688,-0.634980092748
1.34561514854,-0.674150077488
1.40935206413,-0.699863706926
1.44114518166,-0.714519143393
1.4730091095,-0.75968453396
1.53680801392,-0.774872895389
1.60095906258,-0.798721287458
1.63283419609,-0.832295560092
1.69709014893,-0.857209802086
1.71318507195,-0.880791731674
1.77726006508,-0.902641655134
1.77836298943,-0.914099541827
1.84275102615,-0.925424197279
1.87473702431,-0.937415008934
1.90670418739,-0.946741195776
1.97098612785,-0.945675345852
2.03508210182,-0.959398163634
2.06718301773,-0.953003064085
2.13134098053,-0.954735070213
2.19557309151,-0.970589587846
2.21145009995,-0.974053600102
2.27566313744,-0.983912711907
2.29138898849,-0.997369067208
2.35563898087,-1.01708729082
2.42000508308,-1.03773813311
2.48400998116,-1.05732312548
2.5160369873,-1.05026186973
2.5482070446,-1.03827105808
2.61244106293,-1.07024655582
2.67667412758,-1.07304441187
2.74070811272,-1.05958805657
2.77276802063,-1.05332618826
2.83703899384,-1.04266768902
2.86901903152,-1.03160949605
2.88457512856,-1.03001072116
2.91629314423,-1.0180199095
2.94814014435,-1.0180199095
2.97987103462,-1.00696171653
3.04372811317,-1.01468912849
3.07541513443,-1.02534762774
3.13931798935,-1.0088269539
3.20336508751,-0.993238898749
3.23555898666,-0.98031546841
3.2998251915,-0.973920368861
3.33150005341,-0.985111793072
3.39568519592,-0.984445636869
3.45997714996,-0.968724350477
3.49202013016,-0.981114855854
3.55618405342,-0.98897549905
3.62027716637,-0.991773355103
3.63635015488,-0.972055131492
3.70049309731,-0.956733538822
3.70789813995,-0.958865238672
3.72367501259,-0.947007658258
3.75575208664,-0.943010721039
3.75593709946,-0.943010721039
3.77159714699,-0.936215927768
3.78755497932,-0.936215927768
3.85153102875,-0.922226647504
3.88334417343,-0.915964779195
3.9149620533,-0.897445636751
3.97872304916,-0.900776417766
3.98208117485,-0.880924962915
4.04595112801,-0.88412251269
4.07775402069,-0.885188362615
4.14190506935,-0.880791731674
4.20618200302,-0.886520675021
4.23809909821,-0.881591119118
4.3019721508,-0.879592650509
4.33391308784,-0.897445636751
4.39833307266,-0.889318531073
4.41402411461,-0.909569679646
4.47820901871,-0.906238898631
4.54251003265,-0.89078407472
4.54361009598,-0.899710567841
4.55898404121,-0.899710567841
4.5747551918,-0.911701379496
4.59058117867,-0.911701379496
4.60627818108,-0.914898929271
4.67057418823,-0.914898929271
4.70252203941,-0.920228178895
4.73440504074,-0.94967228307
4.79883217812,-0.954335376491
4.86288309097,-0.974719756305
4.92680215836,-0.973520675139
4.95847511292,-0.976318531192
5.02241706848,-0.931819296828
5.08613610268,-0.936349159009
5.15021800995,-0.902375192653
5.15370512009,-0.885588056336
5.21806120872,-0.885588056336
5.21915006638,-0.860407351861
5.28309202194,-0.849748852612
5.31489419937,-0.84481929671
5.34655308723,-0.84481929671
5.37806606293,-0.837758040957
5.44195604324,-0.828831547836
5.50586009026,-0.843486984304
5.53752803802,-0.832828485055
5.56931900978,-0.846284840356
5.60149908066,-0.856543645883
5.60160303116,-0.856543645883
5.61745500565,-0.856543645883
5.62476205826,-0.852546708665
5.65699005127,-0.852546708665
5.65717601776,-0.866535988929
5.6641600132,-0.866535988929
5.72853899002,-0.86666922017
5.76063513756,-0.877860644381
5.79262518883,-0.885854518818
5.85705518723,-0.885721287577
5.87287402153,-0.887852987427
5.90459609032,-0.897978561713
5.96893215179,-0.886254212539
6.03300404549,-0.88865237487
6.06505298615,-0.877194488178
6.12927103043,-0.872931088478
6.19361615181,-0.868267995057
6.20939707756,-0.867601838854
6.24138903618,-0.858142420771
6.30556702614,-0.869067382501
6.36956906319,-0.869067382501
6.43398714066,-0.894781011938
6.46573615074,-0.886920368742
6.53006315231,-0.91689739788
6.56172513962,-0.917297091602
6.62586712837,-0.925157734798
6.65805006027,-0.909836142127
6.68978118896,-0.945542114611
6.75386714935,-0.954868301454
6.81828808784,-0.973520675139
6.88227009773,-0.992972436268
6.91389298439,-1.02135069052
6.97777819633,-1.01935222191
7.00952219963,-1.02894487123
7.07337117195,-1.05012863849
7.10512900352,-1.05838897541
7.13671398163,-1.0619862189
7.16848111153,-1.0741102618
7.23266100883,-1.08450229857
7.26454520226,-1.11754364624
7.29654598236,-1.12780245177
7.32835698128,-1.17789739824
7.39257311821,-1.18229402918
7.45679211617,-1.1997473217
7.48889303207,-1.2046768776
7.55304312706,-1.22279632632
7.61721014977,-1.20014701542
7.63290214539,-1.17696477955
7.66480302811,-1.12766922053
7.72907710075,-1.09915773503
7.79300999641,-1.06105360022
7.79661607742,-1.02814548379
7.86087417603,-1.00429709172
7.92479705811,-0.989108730291
7.98851203918,-0.975119450026
8.02017712593,-0.950205208032
