0.0216491222382,-0.00919295560211
0.0535850524902,-0.0113246554519
0.117341995239,-0.00959264932394
0.148960113525,-0.00826033691784
0.180537223816,-0.00732771823356
0.244193077087,0.000799387443662
0.307826042175,0.0131898928204
0.339626073837,0.0241148545505
0.40362906456,0.036238897446
0.435363054276,0.0382373660551
0.451130151749,0.0443660031232
0.482845067978,0.0423675345141
0.514592170715,0.0483629403415
0.546393156052,0.0862006126748
0.578186035156,0.106718223729
0.610000133514,0.120574272752
0.673929214478,0.151750383055
0.737940073013,0.188122511742
0.769782066345,0.231022971218
0.833753108978,0.30563246596
0.897524118423,0.373713629912
0.961260080338,0.426606432434
0.968882083893,0.459914242587
1.03283214569,0.542517611765
1.09662818909,0.587683002332
1.16032409668,0.634580399027
1.22395801544,0.66362480948
1.25558018684,0.714119449671
1.2871901989,0.722246555348
1.35115408897,0.759418071478
1.41521310806,0.810578867873
1.47908115387,0.84481929671
1.51081514359,0.875196019569
1.54264616966,0.888385912389
1.60659503937,0.929421134497
1.62232899666,0.935416540325
1.65420413017,0.958998469913
1.68622016907,0.966725881868
1.75022315979,0.989774886494
1.81422305107,0.994970904877
1.87819504738,1.00869372266
1.94212007523,1.01762021578
1.97395801544,1.01895252819
2.03798604012,1.0350735083
2.06988501549,1.0301439524
2.13392710686,1.04240122653
2.19798111916,1.03733843939
2.23006510735,1.04519908259
2.29413104057,1.05838897541
2.35821413994,1.05266003206
2.37384414673,1.04306738274
2.43787503242,1.03400765838
2.45350003242,1.02667994014
2.51717019081,1.01215773492
2.58082199097,1.00989280383
2.64454507828,1.03174272729
2.66003012657,1.02188361548
2.69162321091,1.02774579007
2.7232170105,1.03174272729
2.75504899025,1.0429341515
2.78687810898,1.04173507033
2.8507771492,1.02907810247
2.86643004417,1.03414088962
2.89825320244,1.02801225255
2.93006110191,1.03134303356
2.99403309822,1.04453292638
3.00966405869,1.05106125717
3.04159617424,1.03986983296
3.10526800156,1.03240888349
3.16889715195,1.00376416676
3.23260402679,0.989774886494
3.26421403885,0.963128638372
3.32791614532,0.956067382619
3.35951209068,0.958732007431
3.42343211174,0.944476264686
3.48735904694,0.94740735198
3.48847818375,0.94087902119
3.55290818214,0.944076570964
3.61687922478,0.934883615362
3.68096804619,0.943676877242
3.74519705772,0.941145483671
3.74841022491,0.945941808333
3.75587701797,0.945941808333
3.78778100014,0.952603370363
3.85177612305,0.970189894124
3.86746120453,0.983646249426
3.93150901794,1.01109188499
3.99547600746,1.01855283447
4.05951619148,1.03187595853
4.1231880188,1.03853752056
4.15485620499,1.03267534597
4.21855711937,1.0081607977
4.25017309189,0.996036754802
4.31388401985,0.974586525064
4.37778019905,0.952336907882
4.44165301323,0.938214396377
4.44281816483,0.925557428519
4.50684309006,0.915431854233
4.51031708717,0.902774886375
4.54228806496,0.907437979796
4.60639810562,0.900643186525
4.6384871006,0.89944410536
4.70263504982,0.907837673518
4.7668390274,0.900243492803
4.79893112183,0.895580399382
4.83074116707,0.899044411638
4.89449810982,0.890517612239
4.91057300568,0.904906586225
4.97466421127,0.915964779195
5.03872704506,0.919828485173
5.10276412964,0.918229710286
5.1060461998,0.932618684272
5.17008113861,0.913166923143
5.17754507065,0.923958653632
5.24143004417,0.931552834347
5.30555605888,0.947807045701
5.33757519722,0.95193721416
5.40163803101,0.957932619988
5.4654250145,0.964727413259
5.47275519371,0.982846861982
5.50433516502,0.982713630741
5.56804203987,0.993105667509
5.599640131,0.988176111606
5.66339206696,0.998434917133
5.67088508606,0.986177642997
5.70261621475,0.98031546841
5.7343981266,0.984445636869
5.79845809937,0.97365390638
5.83046722412,0.978583462282
5.8620672226,0.961929557206
5.87791204453,0.966992344349
5.94190621376,0.952603370363
5.97396111488,0.945142420889
6.03814601898,0.953269526566
6.1024980545,0.957000001303
6.13436508179,0.982313937019
6.1982831955,0.982047474538
6.23039507866,0.989108730291
6.29440522194,1.02135069052
6.35871100426,1.05186064462
6.3906750679,1.09516079782
6.45501899719,1.13699540737
6.48656702042,1.16603981782
6.55029320717,1.20347779643
6.56592512131,1.22213017012
6.59767603874,1.22492802617
6.66152119637,1.22825880719
6.72548699379,1.20614242124
6.7572581768,1.18442572903
6.82151699066,1.16977029256
6.82173609734,1.16603981782
6.85334420204,1.14818683158
6.91727209091,1.13286523891
6.98132610321,1.11301378406
7.04527115822,1.10501990962
7.05316519737,1.10635222203
7.08509111404,1.09569372278
7.14931511879,1.0967595727
7.16503310204,1.09063093564
7.22918009758,1.08730015462
7.24499106407,1.092496173
7.3093380928,1.09582695402
7.37354803085,1.08943185447
7.3892390728,1.07810719902
7.45368814468,1.07064624954
7.5179040432,1.05972128781
7.58194208145,1.06158652518
7.61368012428,1.04972894477
7.67781400681,1.03640582071
7.70972704887,1.03054364612
7.77386403084,1.02881163999
7.83801913261,1.00696171653
7.87008404732,1.00043338574
7.93415808678,0.966059725665
7.96623921394,0.94967228307
