0.0159552097321,0.00812710567723
0.0797691345215,0.0159877488732
0.111322164536,0.0142557427453
0.142913103104,0.0135895865422
0.206577062607,0.00586217458685
0.222068071365,0.000932618684272
0.28574514389,-0.00626186830868
0.349628210068,-0.0065283307899
0.413655042648,-0.0138560490235
0.421132087708,-0.0302434916185
0.452974081039,-0.0305099540997
0.484609127045,-0.0310428790622
0.516425132751,-0.0310428790622
0.548341989517,-0.0484961715821
0.580169200897,-0.0484961715821
0.612027168274,-0.0747427259824
0.676039218903,-0.07860643196
0.740042209625,-0.090597243615
0.771867036819,-0.156280245236
0.835769176483,-0.257136294378
0.899646043777,-0.299903522614
0.963425159454,-0.367185299122
0.966876029968,-0.448722818375
1.03086018562,-0.477500766347
1.09473609924,-0.497885146161
1.15842819214,-0.53918683075
1.22212600708,-0.579955590376
1.25372099876,-0.620724350003
1.28532099724,-0.650301685419
1.34933304787,-0.671085758954
1.41333699226,-0.696799388392
1.47729611397,-0.746361409899
1.50908517838,-0.785131700916
1.54094314575,-0.812710567723
1.60480809212,-0.827765697912
1.63675713539,-0.834560491183
1.66870212555,-0.835093416145
1.7005879879,-0.869866769944
1.76456022263,-0.870266463666
1.82855010033,-0.881324656637
1.86040902138,-0.897978561713
1.9243581295,-0.91250076694
1.98839116096,-0.897445636751
2.05240917206,-0.918629404008
2.05579400063,-0.919428791451
2.11978006363,-0.930353753181
2.18374609947,-0.923026034948
2.24776315689,-0.930220521941
2.31180214882,-0.94540888337
2.34358501434,-0.936082696528
2.37541818619,-0.941944871114
2.43940114975,-0.951004595476
2.45499515533,-0.942477796077
2.51873421669,-0.929820828219
2.58242702484,-0.940212864987
2.64612603188,-0.943010721039
2.65350008011,-0.938214396377
2.68506622314,-0.950205208032
2.71665811539,-0.955267995176
2.74842309952,-0.955267995176
2.78021717072,-0.951670751679
2.84427404404,-0.954735070213
2.8761241436,-0.967392038071
2.89178705215,-0.9605972448
2.92359614372,-0.950338439273
2.98757004738,-0.950071976792
3.01943016052,-0.949272589348
3.03513813019,-0.93661562149
3.09901618958,-0.930886678144
3.1626701355,-0.918229710286
3.22638201714,-0.899177642879
3.29009413719,-0.877860644381
3.32169413567,-0.881724350359
3.3533141613,-0.885055131374
3.41723108292,-0.860673814342
3.48114109039,-0.867468607613
3.48859405518,-0.843886678025
3.55273103714,-0.850281777575
3.61673021317,-0.845085759191
3.68082714081,-0.839356815845
3.745043993,-0.847883615244
3.74662804604,-0.862539051711
3.76219105721,-0.862539051711
3.79407501221,-0.856810108365
3.85804414749,-0.860673814342
3.86555504799,-0.872931088478
3.92955613136,-0.895713630623
3.99350905418,-0.909836142127
4.05752015114,-0.930753446903
4.12118911743,-0.946341502055
4.15272521973,-0.949405820589
4.21643900871,-0.937415008934
4.24805116653,-0.927422665888
4.31175613403,-0.9038407363
4.37569618225,-0.885987750058
4.4396212101,-0.878260338103
4.44292116165,-0.867735070095
4.50700712204,-0.842421134379
4.51021909714,-0.831096478927
4.5421090126,-0.826300154265
4.60655808449,-0.818439511069
4.63865113258,-0.819771823475
4.70280313492,-0.814042880129
4.76667404175,-0.814709036332
4.7987601757,-0.815375192535
4.83092904091,-0.820171517197
4.89462900162,-0.82523430434
4.910405159,-0.82097090464
4.97482800484,-0.821370598362
5.03888201714,-0.83389433498
5.10287809372,-0.834294028701
5.10613512993,-0.837358347235
5.16996407509,-0.834693722423
5.17745113373,-0.846018377875
5.2413380146,-0.83829096592
5.30538415909,-0.84934915889
5.33740520477,-0.848150077725
5.40149712563,-0.851880552462
5.46531605721,-0.859741195658
5.47265505791,-0.866935682651
5.50423908234,-0.872398163516
5.56794905663,-0.869467076223
5.59954810143,-0.88425574393
5.66330099106,-0.884522206411
5.67079401016,-0.87972588175
5.70252919197,-0.900909649007
5.73430109024,-0.901842267691
5.79861116409,-0.887586524946
5.83061408997,-0.879059725546
5.86220002174,-0.874529863366
5.87808418274,-0.87106585111
5.94207310677,-0.856010720921
5.97413110733,-0.859607964417
6.03831219673,-0.874396632125
6.1023080349,-0.865470139004
6.13417506218,-0.883856050208
6.19846606255,-0.876794794456
6.23058414459,-0.888918837352
6.29457521439,-0.850415008815
6.35854101181,-0.895980093104
6.39084100723,-0.957666157507
6.45484519005,-0.991640123862
6.48666620255,-1.02175038424
6.55039811134,-1.06651608109
6.56604409218,-1.08809954206
6.59779500961,-1.1144793277
6.66164207458,-1.11421286522
6.72536420822,-1.11701072128
6.75744009018,-1.11727718376
6.82132911682,-1.11101531545
6.82165598869,-1.07997243639
6.85317921638,-1.07997243639
6.91743803024,-1.06704900605
6.98148322105,-1.03160949605
7.04541921616,-1.02361562161
7.05300211906,-1.02241654044
7.08524918556,-1.0088269539
7.14950203896,-1.00616232909
7.16519021988,-1.00416386048
7.22934913635,-0.99990046078
7.24515914917,-1.0081607977
7.3091750145,-1.01335681608
7.37338399887,-1.00896018514
7.38939499855,-1.00269831683
7.4535381794,-0.98897549905
7.51771306992,-0.986444105478
7.58177900314,-0.978716693523
7.61381411552,-0.974453293823
7.67800116539,-0.964594182018
7.70988416672,-0.956467076341
7.77402901649,-0.9343506904
7.83813810349,-0.925024503557
7.87024521828,-0.907571211037
7.93432712555,-0.888119449908
7.96607303619,-0.867735070095
